Data/ASC_file/Yalongjiang_DEM.asc
ncols      177
nrows      180
xllcorner  95.91681
yllcorner  25.75703
cellsize   0.05000
NODATA_value -9999.00000
[rows 28 to 55 of 180, columns 0 to 62 of 177]
-9999.00 -9999.00 -9999.00 -9999.00 -9999.00 -9999.00 -9999.00 4687.00 4723.00 4663.00 4459.10 4567.00 4855.00 4727.00 4880.00 4786.00 4553.00 4312.30 4312.20 4312.10 4312.00 4311.90 4311.80 4484.00 4311.80 4311.90 4522.00 4479.00 4290.00 4253.00 4206.40 4206.30 4206.20 4206.10 4206.00 4205.90 4259.00 4263.00 4205.60 4205.50 4242.00 4432.00 4224.00 4268.00 4284.00 4224.40 4224.40 4256.00 4256.00 4359.00 4507.00 4357.00 4265.00 4578.00 4580.00 4876.00 4784.00 -9999.00 -9999.00 -9999.00 -9999.00 4763.00 -9999.00
-9999.00 -9999.00 -9999.00 -9999.00 -9999.00 -9999.00 4850.00 4607.00 4459.40 4530.00 4459.20 4749.00 4877.00 4725.00 4724.00 4495.00 4312.40 4492.00 4465.00 4312.10 4518.00 4311.90 4311.80 4311.70 4332.00 4509.00 4578.00 4629.00 4574.00 4448.00 4264.00 4230.00 4216.00 4206.10 4206.00 4209.00 4248.00 4243.00 4205.60 4205.50 4205.40 4205.30 4348.00 4268.00 4295.00 4284.00 4224.50 4231.00 4231.10 4254.00 4293.00 4257.10 4257.20 4336.00 4441.00 4842.00 4825.00 -9999.00 -9999.00 4603.00 4576.00 4545.00 4880.00
-9999.00 -9999.00 -9999.00 -9999.00 -9999.00 -9999.00 -9999.00 4871.00 4594.00 4459.30 4459.30 4459.30 4475.00 4459.50 4502.00 4719.00 4713.00 4818.00 4827.00 4697.00 4667.00 4368.00 4311.80 4642.00 4311.60 4311.50 4311.40 4494.00 4483.00 4572.00 4311.00 4284.00 4252.00 4215.00 4219.00 4211.00 4218.00 4205.70 4205.60 4205.50 4205.40 4205.30 4205.20 4274.00 4422.00 4334.00 4224.60 4280.00 4242.00 4241.00 4257.00 4257.10 4257.20 4576.00 4476.00 4531.00 4835.00 4651.00 4976.00 4512.00 4603.00 4686.00 4526.00
-9999.00 -9999.00 -9999.00 -9999.00 -9999.00 -9999.00 -9999.00 -9999.00 4697.00 4459.40 4564.00 4563.00 4459.40 4459.50 4459.60 4826.00 4863.00 4727.00 4563.10 4861.00 4795.00 4311.90 4311.80 4633.00 4545.00 4765.00 4731.00 4311.30 4462.00 4311.10 4452.00 4577.00 4438.00 4290.00 4206.00 4205.90 4205.80 4205.70 4205.60 4205.50 4205.40 4205.30 4205.20 4205.10 4205.10 4419.00 4236.00 4489.00 4470.00 4331.00 4277.00 4257.10 4260.00 4485.00 4565.00 4611.00 4837.00 4446.00 4601.00 4512.00 4485.20 4485.10 4485.00
-9999.00 -9999.00 -9999.00 -9999.00 -9999.00 -9999.00 -9999.00 -9999.00 -9999.00 4487.00 4459.50 4459.50 4519.00 4459.50 4459.60 4459.70 4459.80 4837.00 4734.00 4563.00 4524.00 4339.00 4688.00 4311.70 4311.60 4565.00 4794.00 4366.00 4311.20 4311.20 4591.00 4572.00 4427.00 4261.00 4206.00 4205.90 4205.80 4205.70 4205.60 4205.50 4205.40 4205.30 4372.00 4205.10 4205.00 4205.00 4211.00 4541.00 4292.00 4571.00 4548.00 4257.20 4257.20 4295.00 4459.00 4584.00 4847.00 4376.00 4479.00 4731.00 4603.00 4663.00 4785.00
-9999.00 -9999.00 -9999.00 -9999.00 -9999.00 -9999.00 -9999.00 -9999.00 -9999.00 4492.00 4459.60 4540.00 4459.60 4459.60 4551.00 4459.70 4601.00 4459.90 4460.00 4498.00 4495.00 4782.00 4805.00 4463.00 4311.60 4311.50 4549.00 4311.30 4442.00 4511.00 4334.00 4334.10 4501.00 4419.00 4338.00 4377.00 4273.00 4205.70 4213.00 4205.50 4205.40 4205.30 4205.20 4205.10 4205.00 4204.90 4204.90 4204.90 4289.00 4570.00 4578.00 4559.00 4274.00 4528.00 4380.00 4455.00 4869.00 4582.00 4232.10 4737.00 4569.00 4810.00 4858.00
-9999.00 -9999.00 -9999.00 -9999.00 -9999.00 -9999.00 -9999.00 -9999.00 -9999.00 -9999.00 -9999.00 4459.70 4686.00 -9999.00 -9999.00 4478.00 4620.00 4460.00 4584.00 4482.00 4312.00 4311.90 4311.80 4311.70 4445.00 4311.50 4311.40 4311.40 4778.00 4459.00 4503.00 4656.00 4540.00 4598.00 4584.00 4741.00 4679.00 4358.00 4231.00 4278.00 4205.40 4205.30 4205.20 4205.10 4205.00 4204.90 4204.80 4204.80 4204.80 4321.00 4548.00 4339.00 4588.00 4231.00 4233.00 4260.00 4382.00 4580.00 4517.00 4232.00 4443.00 4731.00 4761.00
-9999.00 -9999.00 -9999.00 -9999.00 -9999.00 -9999.00 -9999.00 -9999.00 -9999.00 -9999.00 -9999.00 -9999.00 -9999.00 -9999.00 -9999.00 4743.00 4643.00 4499.00 4721.00 4683.00 4374.00 4311.90 4311.80 4311.70 4311.60 4311.50 4311.50 4311.50 4311.50 4311.60 4437.00 4680.00 4876.00 5037.00 4799.00 5152.00 4872.00 4606.00 4250.00 4556.00 4205.40 4205.30 4205.20 4205.10 4205.00 4204.90 4204.80 4204.70 4204.70 4204.70 4378.00 4228.10 4228.10 4228.10 4334.00 4233.10 4239.00 4543.00 4540.00 4404.00 4203.70 4578.00 4501.00
-9999.00 -9999.00 -9999.00 -9999.00 -9999.00 -9999.00 -9999.00 -9999.00 -9999.00 -9999.00 -9999.00 -9999.00 -9999.00 -9999.00 -9999.00 -9999.00 4392.00 4312.30 4562.00 4484.00 4526.00 4543.00 4311.80 4311.70 4798.00 4717.00 4311.60 4311.60 4404.00 4311.60 4311.70 4311.80 4731.00 4830.00 4861.00 4944.00 4887.00 4614.00 4234.10 4234.00 4225.00 4205.30 4205.20 4205.10 4205.00 4204.90 4204.80 4204.70 4204.60 4263.00 4296.00 4591.00 4228.00 4520.00 4493.00 4345.00 4349.00 4270.00 4348.00 4517.00 4203.60 4462.00 4208.00
-9999.00 -9999.00 -9999.00 -9999.00 -9999.00 -9999.00 -9999.00 -9999.00 -9999.00 -9999.00 -9999.00 -9999.00 -9999.00 -9999.00 -9999.00 4592.00 4312.40 4312.30 4312.20 4312.10 4312.00 4311.90 4311.80 4311.80 4329.00 4887.00 4390.00 4311.70 4311.70 4311.70 4516.00 4913.00 4311.90 4651.00 4813.00 4460.00 4625.00 4275.00 4485.00 4394.00 4238.00 4253.00 4205.20 4255.00 4287.00 4270.00 4277.00 4244.00 4204.60 4204.50 4204.40 4204.30 4285.00 4204.10 4204.00 4203.90 4332.00 4203.80 4220.00 4203.50 4432.00 4203.50 4250.00
-9999.00 -9999.00 -9999.00 -9999.00 -9999.00 -9999.00 -9999.00 -9999.00 -9999.00 -9999.00 -9999.00 -9999.00 -9999.00 -9999.00 -9999.00 -9999.00 4531.00 4614.00 4347.00 4377.00 4312.00 4311.90 4311.90 4311.90 4311.90 4312.00 4339.00 4712.00 4311.80 4311.80 4311.80 4595.00 4346.00 4312.00 4426.00 4332.00 4616.00 4574.00 4574.00 4523.00 4260.00 4294.00 4229.00 4380.00 4325.00 4297.00 4885.00 4614.00 4204.60 4204.50 4204.40 4204.30 4204.20 4204.10 4388.00 4203.90 4203.80 4203.70 4258.00 4203.50 4203.40 4203.40 4388.00
-9999.00 -9999.00 -9999.00 -9999.00 -9999.00 -9999.00 -9999.00 -9999.00 -9999.00 -9999.00 -9999.00 -9999.00 -9999.00 -9999.00 -9999.00 -9999.00 4527.00 4483.00 4828.00 4565.00 4918.00 4662.00 4585.00 4383.00 4312.00 4312.00 4312.00 4311.90 4311.90 4311.90 4311.90 4754.00 4766.00 4553.00 4312.10 4470.00 4674.00 4574.10 4614.00 4320.00 4583.00 4547.00 4436.00 4930.00 4788.00 4516.00 4567.00 4237.00 4204.60 4204.50 4204.40 4204.30 4204.20 4204.20 4359.00 4660.00 4210.00 4250.00 4203.60 4326.00 4203.40 4203.30 4226.00
-9999.00 -9999.00 -9999.00 -9999.00 -9999.00 -9999.00 -9999.00 -9999.00 -9999.00 -9999.00 -9999.00 -9999.00 -9999.00 -9999.00 -9999.00 -9999.00 4492.00 4940.00 4831.00 5136.00 4837.00 4749.00 4383.10 4849.00 4774.00 4819.00 4844.00 4619.00 4312.00 4312.00 4332.00 4865.00 4828.00 4872.00 4756.00 4616.00 4851.00 4724.00 4598.00 4575.00 4669.00 4475.00 4658.00 5009.00 5151.00 4841.00 4485.00 4275.00 4204.60 4204.50 4204.40 4204.30 4278.00 4371.00 4204.30 4738.00 4581.00 4827.00 4203.60 4203.50 4203.40 4203.30 4203.20
-9999.00 -9999.00 -9999.00 -9999.00 -9999.00 -9999.00 -9999.00 -9999.00 -9999.00 -9999.00 -9999.00 -9999.00 -9999.00 -9999.00 -9999.00 -9999.00 4552.00 4521.00 5042.00 5168.00 4805.00 4951.00 4891.00 4408.00 4895.00 4882.00 4653.00 4833.00 4641.00 4312.10 4312.10 4312.20 4421.00 4794.00 4633.00 4809.00 4449.00 4312.80 4801.00 4621.00 4817.00 4528.00 5103.00 5034.00 4874.00 4725.00 4632.00 4366.00 4207.00 4204.50 4302.00 4439.00 4651.00 4553.00 4238.00 4286.00 4574.00 4882.00 4636.00 4818.00 4918.00 4375.00 4226.00
-9999.00 -9999.00 -9999.00 -9999.00 -9999.00 -9999.00 -9999.00 -9999.00 -9999.00 -9999.00 -9999.00 -9999.00 -9999.00 -9999.00 -9999.00 -9999.00 -9999.00 -9999.00 4814.00 -9999.00 -9999.00 5036.00 4609.00 4588.00 4736.00 4641.30 4641.20 4641.10 4822.00 4792.00 4779.00 4312.20 4312.30 4312.40 4312.50 4312.60 4312.70 4831.00 4908.00 4358.00 4339.00 4739.00 4927.00 4890.00 4944.00 4811.00 4667.00 4418.00 4257.00 4204.60 4204.60 4274.00 4487.00 4538.00 4849.00 4269.00 4277.00 4581.00 4760.00 4985.00 5017.00 4654.00 4425.00
-9999.00 -9999.00 -9999.00 -9999.00 -9999.00 -9999.00 -9999.00 -9999.00 -9999.00 -9999.00 -9999.00 -9999.00 -9999.00 -9999.00 -9999.00 -9999.00 -9999.00 -9999.00 -9999.00 -9999.00 -9999.00 -9999.00 -9999.00 4711.00 4875.00 5077.00 -9999.00 5101.00 5063.00 4882.00 4910.00 4312.30 4312.30 4312.40 4312.50 4312.60 4363.00 4478.00 4436.00 4313.00 4840.00 4313.20 5182.00 4380.10 4527.00 4922.00 5053.00 4821.00 4462.00 4204.70 4204.70 4238.00 4281.00 4620.00 4534.00 4713.00 4820.00 4524.00 4331.00 4277.10 4277.00 4472.00 4107.00
-9999.00 -9999.00 -9999.00 -9999.00 -9999.00 -9999.00 -9999.00 -9999.00 -9999.00 -9999.00 -9999.00 -9999.00 -9999.00 -9999.00 -9999.00 -9999.00 -9999.00 -9999.00 -9999.00 -9999.00 -9999.00 -9999.00 -9999.00 -9999.00 -9999.00 -9999.00 -9999.00 4751.00 4579.20 4579.10 4579.00 4675.00 4591.00 4599.00 4449.00 4312.60 4312.70 4312.80 4312.90 4313.00 4313.10 4313.20 4380.00 4934.00 5137.00 5159.00 4872.00 4648.00 4564.00 4204.80 4204.80 4246.00 4555.00 4582.00 4880.00 4879.00 4729.00 4549.00 4430.00 4605.00 4658.00 4198.00 4098.00
-9999.00 -9999.00 -9999.00 -9999.00 -9999.00 -9999.00 -9999.00 -9999.00 -9999.00 -9999.00 -9999.00 -9999.00 -9999.00 -9999.00 -9999.00 -9999.00 -9999.00 -9999.00 -9999.00 -9999.00 -9999.00 -9999.00 -9999.00 -9999.00 -9999.00 -9999.00 -9999.00 -9999.00 4810.00 4674.00 4579.10 4627.00 4312.90 4312.80 4312.70 4312.70 4312.70 4312.80 4312.90 4313.00 4313.10 4313.20 4313.30 4956.00 4959.00 4858.00 5145.00 4834.00 4757.00 4530.00 4364.00 4359.00 4606.00 4818.00 4913.00 4677.00 4696.00 4862.00 4840.00 4785.00 4461.00 4138.00 4235.00
-9999.00 -9999.00 -9999.00 -9999.00 -9999.00 -9999.00 -9999.00 -9999.00 -9999.00 -9999.00 -9999.00 -9999.00 -9999.00 -9999.00 -9999.00 -9999.00 -9999.00 -9999.00 -9999.00 -9999.00 -9999.00 -9999.00 -9999.00 -9999.00 -9999.00 -9999.00 -9999.00 -9999.00 -9999.00 4764.00 4729.00 4642.00 4593.00 4644.00 4668.00 4312.80 4783.00 4472.00 4312.90 4313.00 4313.10 4313.20 4313.30 4313.40 4731.00 5164.00 5023.00 4932.00 4871.00 4904.00 4954.00 4844.00 4359.10 4675.00 4861.00 4639.00 4585.00 4747.00 4899.00 4622.00 4447.00 4185.00 4205.00
-9999.00 -9999.00 -9999.00 -9999.00 -9999.00 -9999.00 -9999.00 -9999.00 -9999.00 -9999.00 -9999.00 -9999.00 -9999.00 -9999.00 -9999.00 -9999.00 -9999.00 -9999.00 -9999.00 -9999.00 -9999.00 -9999.00 -9999.00 -9999.00 -9999.00 -9999.00 -9999.00 -9999.00 -9999.00 -9999.00 -9999.00 4847.00 4667.00 4608.00 4461.00 4734.00 4428.00 4585.00 4313.00 4873.00 4646.00 4407.00 4579.00 4313.40 4313.50 4313.60 4313.70 4765.00 4873.00 4652.00 4528.00 4688.00 4925.00 4359.20 4702.00 4614.00 4897.00 4508.00 4306.00 4566.00 4159.00 4360.00 4213.00
-9999.00 -9999.00 -9999.00 -9999.00 -9999.00 -9999.00 -9999.00 -9999.00 -9999.00 -9999.00 -9999.00 -9999.00 -9999.00 -9999.00 -9999.00 -9999.00 -9999.00 -9999.00 -9999.00 -9999.00 -9999.00 -9999.00 -9999.00 -9999.00 -9999.00 -9999.00 -9999.00 -9999.00 -9999.00 -9999.00 -9999.00 -9999.00 -9999.00 -9999.00 -9999.00 -9999.00 -9999.00 4776.00 4775.00 4313.10 4885.00 4313.30 4956.00 4529.00 4792.00 4313.60 4313.70 4313.80 4313.90 4372.00 4507.00 4449.00 4442.00 4797.00 4702.00 4305.00 4856.00 4845.00 4244.10 4244.00 4057.00 4254.00 4063.00
-9999.00 -9999.00 -9999.00 -9999.00 -9999.00 -9999.00 -9999.00 -9999.00 -9999.00 -9999.00 -9999.00 -9999.00 -9999.00 -9999.00 -9999.00 -9999.00 -9999.00 -9999.00 -9999.00 -9999.00 -9999.00 -9999.00 -9999.00 -9999.00 -9999.00 -9999.00 -9999.00 -9999.00 -9999.00 -9999.00 -9999.00 -9999.00 -9999.00 -9999.00 -9999.00 -9999.00 -9999.00 4747.00 4584.00 4868.00 4313.20 4904.00 5487.00 5203.00 4957.00 4672.00 4313.70 4882.00 4313.90 4451.00 4543.00 4495.00 4572.00 4372.00 4270.40 4270.30 4270.20 4868.00 4711.00 4347.00 4092.00 4056.90 4056.80
-9999.00 -9999.00 -9999.00 -9999.00 -9999.00 -9999.00 -9999.00 -9999.00 -9999.00 -9999.00 -9999.00 -9999.00 -9999.00 -9999.00 -9999.00 -9999.00 -9999.00 -9999.00 -9999.00 -9999.00 -9999.00 -9999.00 -9999.00 -9999.00 -9999.00 -9999.00 -9999.00 -9999.00 -9999.00 -9999.00 -9999.00 -9999.00 -9999.00 -9999.00 -9999.00 -9999.00 -9999.00 -9999.00 -9999.00 4819.00 4441.00 5203.00 5421.00 5210.00 4313.90 4313.80 4313.80 4976.00 4861.00 4314.00 4609.00 4883.00 4833.00 4811.00 4563.00 4808.00 4270.20 4270.10 4787.00 4173.00 4844.00 4558.00 4056.80
-9999.00 -9999.00 -9999.00 -9999.00 -9999.00 -9999.00 -9999.00 -9999.00 -9999.00 -9999.00 -9999.00 -9999.00 -9999.00 -9999.00 -9999.00 -9999.00 -9999.00 -9999.00 -9999.00 -9999.00 -9999.00 -9999.00 -9999.00 -9999.00 -9999.00 -9999.00 -9999.00 -9999.00 -9999.00 -9999.00 -9999.00 -9999.00 -9999.00 -9999.00 -9999.00 -9999.00 -9999.00 -9999.00 -9999.00 -9999.00 4575.00 5175.00 5129.00 4324.00 4313.90 4829.00 4853.00 4313.90 4616.00 4727.00 4760.00 4697.00 -9999.00 4929.00 4876.00 4739.00 4628.00 4704.00 4270.00 4968.00 4836.00 4692.00 4661.00
-9999.00 -9999.00 -9999.00 -9999.00 -9999.00 -9999.00 -9999.00 -9999.00 -9999.00 -9999.00 -9999.00 -9999.00 -9999.00 -9999.00 -9999.00 -9999.00 -9999.00 -9999.00 -9999.00 -9999.00 -9999.00 -9999.00 -9999.00 -9999.00 -9999.00 -9999.00 -9999.00 -9999.00 -9999.00 -9999.00 -9999.00 -9999.00 -9999.00 -9999.00 -9999.00 -9999.00 -9999.00 -9999.00 -9999.00 -9999.00 -9999.00 -9999.00 4581.00 5091.00 4784.00 4920.00 5095.00 4314.00 4314.00 4935.00 4592.00 4855.00 -9999.00 -9999.00 -9999.00 -9999.00 4916.00 4638.00 4270.10 4305.00 5022.00 4639.00 4485.00
-9999.00 -9999.00 -9999.00 -9999.00 -9999.00 -9999.00 -9999.00 -9999.00 -9999.00 -9999.00 -9999.00 -9999.00 -9999.00 -9999.00 -9999.00 -9999.00 -9999.00 -9999.00 -9999.00 -9999.00 -9999.00 -9999.00 -9999.00 -9999.00 -9999.00 -9999.00 -9999.00 -9999.00 -9999.00 -9999.00 -9999.00 -9999.00 -9999.00 -9999.00 -9999.00 -9999.00 -9999.00 -9999.00 -9999.00 -9999.00 -9999.00 -9999.00 -9999.00 -9999.00 -9999.00 5175.00 4694.00 4314.10 4314.10 4314.10 4461.00 4745.00 -9999.00 -9999.00 -9999.00 -9999.00 -9999.00 5106.00 5139.00 4808.00 4561.00 4662.00 4680.00
-9999.00 -9999.00 -9999.00 -9999.00 -9999.00 -9999.00 -9999.00 -9999.00 -9999.00 -9999.00 -9999.00 -9999.00 -9999.00 -9999.00 -9999.00 -9999.00 -9999.00 -9999.00 -9999.00 -9999.00 -9999.00 -9999.00 -9999.00 -9999.00 -9999.00 -9999.00 -9999.00 -9999.00 -9999.00 -9999.00 -9999.00 -9999.00 -9999.00 -9999.00 -9999.00 -9999.00 -9999.00 -9999.00 -9999.00 -9999.00 -9999.00 -9999.00 -9999.00 -9999.00 -9999.00 -9999.00 5052.00 5132.00 4896.00 4314.20 4314.20 4880.00 5069.00 -9999.00 -9999.00 -9999.00 -9999.00 -9999.00 5675.00 5549.00 5018.00 4963.00 4363.00
-9999.00 -9999.00 -9999.00 -9999.00 -9999.00 -9999.00 -9999.00 -9999.00 -9999.00 -9999.00 -9999.00 -9999.00 -9999.00 -9999.00 -9999.00 -9999.00 -9999.00 -9999.00 -9999.00 -9999.00 -9999.00 -9999.00 -9999.00 -9999.00 -9999.00 -9999.00 -9999.00 -9999.00 -9999.00 -9999.00 -9999.00 -9999.00 -9999.00 -9999.00 -9999.00 -9999.00 -9999.00 -9999.00 -9999.00 -9999.00 -9999.00 -9999.00 -9999.00 -9999.00 -9999.00 -9999.00 5440.00 5157.00 5207.00 4538.00 4314.30 4505.00 5267.00 -9999.00 -9999.00 -9999.00 -9999.00 -9999.00 5116.00 5168.00 5113.00 4820.00 4551.00
