Data/ASC_file/Yalongjiang_TensionWaterCapacity.asc
ncols      177
nrows      180
xllcorner  95.91681
yllcorner  25.75703
cellsize   0.05000
NODATA_value -9999.00000
[rows 28 to 55 of 180, columns 0 to 62 of 177]
-9999.00 -9999.00 -9999.00 -9999.00 -9999.00 -9999.00 -9999.00 92.26 100.39 152.60 39.27 139.57 138.52 125.55 105.97 142.30 155.06 29.84 25.54 25.41 23.35 25.64 17.13 104.19 37.40 64.13 144.56 141.67 128.69 112.81 26.78 22.60 27.45 30.17 27.96 14.10 141.95 143.26 20.18 5.99 133.41 156.56 63.77 135.64 140.72 48.26 33.56 130.61 118.82 139.69 152.69 141.45 88.13 157.24 146.09 140.73 126.24 -9999.00 -9999.00 -9999.00 -9999.00 129.25 -9999.00
-9999.00 -9999.00 -9999.00 -9999.00 -9999.00 -9999.00 97.39 130.67 52.76 141.30 26.44 156.39 158.74 131.66 133.52 133.32 53.45 144.81 144.18 32.42 152.49 31.24 26.18 16.67 87.36 102.56 153.04 154.62 153.01 149.22 68.81 79.59 63.72 25.80 22.12 107.63 137.74 136.43 64.52 28.00 12.65 8.79 151.79 126.16 134.82 138.13 29.04 54.00 38.69 111.13 135.04 39.77 50.88 120.76 123.07 139.11 128.30 -9999.00 -9999.00 136.46 112.91 105.12 157.40
-9999.00 -9999.00 -9999.00 -9999.00 -9999.00 -9999.00 -9999.00 137.43 142.94 46.33 42.09 24.79 125.20 55.39 129.94 152.66 149.41 139.12 140.32 133.89 154.11 92.41 29.76 124.33 21.39 21.26 14.10 96.76 93.20 104.08 53.50 62.64 104.19 95.51 129.07 89.69 98.57 67.26 65.18 63.36 34.26 18.69 4.66 139.81 154.52 145.26 49.32 139.94 110.83 74.38 85.51 53.40 68.32 157.25 125.55 126.82 137.01 137.94 161.49 95.56 146.44 153.86 121.39
-9999.00 -9999.00 -9999.00 -9999.00 -9999.00 -9999.00 -9999.00 -9999.00 100.14 41.28 100.12 99.75 33.58 49.42 66.79 158.90 139.02 95.37 40.09 104.99 106.07 42.80 35.02 105.04 117.36 124.51 158.76 13.98 99.54 8.19 97.13 155.42 149.93 140.45 60.31 45.45 52.70 60.51 59.98 58.57 58.67 35.38 24.12 4.24 48.66 156.11 124.62 155.56 152.76 139.47 128.03 47.37 72.21 150.03 146.56 142.38 140.26 120.49 130.73 108.92 51.42 48.26 104.54
-9999.00 -9999.00 -9999.00 -9999.00 -9999.00 -9999.00 -9999.00 -9999.00 -9999.00 86.51 37.59 37.84 144.78 45.18 55.28 59.59 57.86 159.01 136.76 85.75 92.75 77.89 158.51 39.77 33.77 116.56 160.78 90.34 8.30 37.25 104.12 152.29 140.85 120.21 53.48 57.11 51.98 57.27 36.72 38.66 51.99 34.94 156.10 44.81 6.11 45.67 113.26 159.35 122.42 154.92 153.42 65.26 36.29 120.42 136.64 143.72 141.25 115.83 139.27 139.59 125.04 129.84 137.93
-9999.00 -9999.00 -9999.00 -9999.00 -9999.00 -9999.00 -9999.00 -9999.00 -9999.00 130.38 69.38 97.64 44.54 71.58 148.08 51.62 117.40 39.48 63.50 130.30 140.21 161.38 161.96 149.77 39.97 29.83 103.43 11.08 146.36 150.83 100.03 62.94 144.15 136.62 130.79 142.39 133.84 50.98 116.16 63.12 41.56 58.85 56.78 59.49 50.05 5.29 61.43 68.28 137.17 154.76 149.99 155.41 120.69 157.89 137.79 142.82 162.40 151.60 47.45 142.60 123.98 136.49 137.46
-9999.00 -9999.00 -9999.00 -9999.00 -9999.00 -9999.00 -9999.00 -9999.00 -9999.00 -9999.00 -9999.00 71.05 135.25 -9999.00 -9999.00 114.54 132.95 60.46 115.57 91.88 41.57 41.35 40.97 38.12 102.14 29.86 17.58 17.58 163.87 142.96 146.94 137.32 136.35 143.32 140.52 153.17 154.04 142.39 105.22 144.64 70.68 62.81 60.28 58.42 58.02 45.88 5.74 58.11 69.59 140.16 154.86 136.19 107.12 89.14 86.61 121.38 140.55 134.98 149.84 93.95 140.87 153.37 152.12
-9999.00 -9999.00 -9999.00 -9999.00 -9999.00 -9999.00 -9999.00 -9999.00 -9999.00 -9999.00 -9999.00 -9999.00 -9999.00 -9999.00 -9999.00 101.09 152.30 140.27 157.16 156.50 132.66 53.06 51.46 55.64 40.04 25.91 35.53 32.86 14.16 53.72 142.99 137.05 157.15 161.07 142.63 144.36 153.73 152.11 121.10 161.83 58.59 60.55 59.54 58.39 54.76 53.63 49.22 5.57 54.40 57.41 148.24 59.23 40.79 45.68 146.19 51.29 99.23 154.34 152.02 146.25 48.47 153.50 132.73
-9999.00 -9999.00 -9999.00 -9999.00 -9999.00 -9999.00 -9999.00 -9999.00 -9999.00 -9999.00 -9999.00 -9999.00 -9999.00 -9999.00 -9999.00 -9999.00 89.86 42.73 119.13 112.50 101.71 104.84 46.50 24.91 108.72 106.16 41.59 31.27 100.60 14.91 33.24 31.32 151.86 132.67 130.92 154.86 156.69 152.68 55.32 100.81 109.08 57.91 50.88 49.49 50.31 50.07 49.93 49.13 5.47 142.10 142.78 144.33 95.39 159.31 157.14 146.61 147.34 129.54 142.49 157.94 31.74 153.10 80.96
-9999.00 -9999.00 -9999.00 -9999.00 -9999.00 -9999.00 -9999.00 -9999.00 -9999.00 -9999.00 -9999.00 -9999.00 -9999.00 -9999.00 -9999.00 148.26 52.78 44.49 43.00 44.26 40.74 41.17 29.04 37.20 84.99 109.87 94.89 34.76 25.19 20.72 136.67 147.05 28.07 150.01 157.23 129.23 149.84 106.38 147.90 129.69 105.96 131.25 45.33 131.57 134.73 125.36 134.35 133.84 51.01 14.97 12.34 7.13 146.31 14.88 9.46 5.40 150.18 62.81 121.94 30.45 156.79 33.32 84.26
-9999.00 -9999.00 -9999.00 -9999.00 -9999.00 -9999.00 -9999.00 -9999.00 -9999.00 -9999.00 -9999.00 -9999.00 -9999.00 -9999.00 -9999.00 -9999.00 145.75 121.67 85.97 104.73 44.07 34.31 50.89 46.14 36.10 53.53 102.49 145.37 28.85 25.77 32.06 135.15 123.53 34.45 138.93 87.85 151.51 123.71 129.59 151.29 105.44 132.60 105.32 126.84 129.66 116.79 165.52 160.27 65.01 63.98 27.04 15.41 14.70 4.84 154.08 13.49 7.03 2.98 95.88 13.45 13.69 32.42 119.21
-9999.00 -9999.00 -9999.00 -9999.00 -9999.00 -9999.00 -9999.00 -9999.00 -9999.00 -9999.00 -9999.00 -9999.00 -9999.00 -9999.00 -9999.00 -9999.00 132.39 112.50 140.48 139.45 161.40 148.78 150.42 118.35 40.95 41.50 52.21 40.79 33.34 31.01 43.33 139.59 137.40 130.82 36.89 107.67 133.86 74.37 148.97 110.69 136.54 150.71 129.79 142.89 154.25 139.98 151.24 119.57 68.79 66.36 63.27 23.36 12.16 33.06 146.95 161.11 109.19 136.91 7.09 153.05 15.79 5.02 118.04
-9999.00 -9999.00 -9999.00 -9999.00 -9999.00 -9999.00 -9999.00 -9999.00 -9999.00 -9999.00 -9999.00 -9999.00 -9999.00 -9999.00 -9999.00 -9999.00 91.89 161.19 128.84 142.43 127.44 139.20 46.02 161.17 137.47 156.18 159.51 148.64 49.52 26.46 87.77 144.39 137.68 140.40 137.45 128.05 142.22 154.26 127.15 93.29 135.35 110.86 143.96 136.81 143.31 137.14 136.40 126.95 64.38 62.02 28.82 24.13 91.89 99.20 44.61 162.21 150.56 163.10 43.69 13.42 15.78 13.35 6.79
-9999.00 -9999.00 -9999.00 -9999.00 -9999.00 -9999.00 -9999.00 -9999.00 -9999.00 -9999.00 -9999.00 -9999.00 -9999.00 -9999.00 -9999.00 -9999.00 119.21 106.29 137.73 139.00 105.66 137.20 158.32 98.70 139.64 119.79 123.48 157.21 120.45 41.93 17.21 34.91 140.05 159.05 148.98 160.89 140.26 56.94 140.02 130.23 142.76 117.02 143.82 134.44 137.65 134.26 143.98 135.43 96.74 23.19 98.38 153.02 159.39 119.52 103.86 130.10 151.13 161.08 148.78 157.87 162.53 145.32 87.22
-9999.00 -9999.00 -9999.00 -9999.00 -9999.00 -9999.00 -9999.00 -9999.00 -9999.00 -9999.00 -9999.00 -9999.00 -9999.00 -9999.00 -9999.00 -9999.00 -9999.00 -9999.00 105.83 -9999.00 -9999.00 152.96 115.29 115.41 127.83 66.32 61.35 46.16 133.34 151.86 123.68 18.41 26.34 27.79 55.03 41.41 55.12 144.00 144.77 123.59 110.34 136.23 137.02 133.07 156.08 144.65 140.84 134.95 126.13 32.42 27.77 102.55 147.64 143.84 163.89 99.82 101.08 113.72 103.64 126.01 127.09 122.17 120.81
-9999.00 -9999.00 -9999.00 -9999.00 -9999.00 -9999.00 -9999.00 -9999.00 -9999.00 -9999.00 -9999.00 -9999.00 -9999.00 -9999.00 -9999.00 -9999.00 -9999.00 -9999.00 -9999.00 -9999.00 -9999.00 -9999.00 -9999.00 107.15 132.86 138.95 -9999.00 141.80 142.47 135.84 160.90 34.88 28.33 24.55 20.62 30.89 140.22 148.98 145.17 47.75 165.45 52.91 148.87 51.46 127.33 149.84 159.72 156.88 141.62 55.65 51.92 115.74 118.51 150.74 130.63 151.45 159.72 93.64 75.86 36.22 70.06 119.69 86.06
-9999.00 -9999.00 -9999.00 -9999.00 -9999.00 -9999.00 -9999.00 -9999.00 -9999.00 -9999.00 -9999.00 -9999.00 -9999.00 -9999.00 -9999.00 -9999.00 -9999.00 -9999.00 -9999.00 -9999.00 -9999.00 -9999.00 -9999.00 -9999.00 -9999.00 -9999.00 -9999.00 137.72 42.24 58.93 78.06 155.52 154.61 158.42 92.75 15.47 25.79 28.03 28.55 31.51 36.20 40.41 81.65 158.82 142.80 158.55 140.67 129.48 140.55 41.68 36.11 111.47 150.58 136.43 155.68 154.07 144.45 90.17 129.28 152.23 106.57 78.86 63.87
-9999.00 -9999.00 -9999.00 -9999.00 -9999.00 -9999.00 -9999.00 -9999.00 -9999.00 -9999.00 -9999.00 -9999.00 -9999.00 -9999.00 -9999.00 -9999.00 -9999.00 -9999.00 -9999.00 -9999.00 -9999.00 -9999.00 -9999.00 -9999.00 -9999.00 -9999.00 -9999.00 -9999.00 150.59 139.90 43.51 97.18 39.99 34.41 28.83 37.42 19.96 23.18 27.78 29.55 29.87 30.56 38.57 161.81 134.04 126.10 158.64 143.80 148.49 144.39 138.22 119.14 150.33 154.32 154.71 85.65 139.97 156.31 154.49 155.88 97.88 68.31 118.30
-9999.00 -9999.00 -9999.00 -9999.00 -9999.00 -9999.00 -9999.00 -9999.00 -9999.00 -9999.00 -9999.00 -9999.00 -9999.00 -9999.00 -9999.00 -9999.00 -9999.00 -9999.00 -9999.00 -9999.00 -9999.00 -9999.00 -9999.00 -9999.00 -9999.00 -9999.00 -9999.00 -9999.00 -9999.00 142.31 95.89 139.02 140.84 153.61 158.30 39.15 144.91 90.75 22.11 30.42 27.34 26.49 24.83 30.05 146.90 164.80 158.25 152.36 148.36 157.52 162.05 159.83 32.23 99.00 156.05 83.63 112.81 149.85 159.76 99.68 99.49 75.78 96.84
-9999.00 -9999.00 -9999.00 -9999.00 -9999.00 -9999.00 -9999.00 -9999.00 -9999.00 -9999.00 -9999.00 -9999.00 -9999.00 -9999.00 -9999.00 -9999.00 -9999.00 -9999.00 -9999.00 -9999.00 -9999.00 -9999.00 -9999.00 -9999.00 -9999.00 -9999.00 -9999.00 -9999.00 -9999.00 -9999.00 -9999.00 151.17 137.41 135.73 123.46 104.19 110.75 149.78 33.04 109.45 104.25 93.53 103.54 22.58 24.80 36.54 41.19 154.82 158.68 147.48 132.32 151.76 163.49 34.45 100.74 92.36 159.95 128.75 78.65 157.64 81.05 94.94 97.43
-9999.00 -9999.00 -9999.00 -9999.00 -9999.00 -9999.00 -9999.00 -9999.00 -9999.00 -9999.00 -9999.00 -9999.00 -9999.00 -9999.00 -9999.00 -9999.00 -9999.00 -9999.00 -9999.00 -9999.00 -9999.00 -9999.00 -9999.00 -9999.00 -9999.00 -9999.00 -9999.00 -9999.00 -9999.00 -9999.00 -9999.00 -9999.00 -9999.00 -9999.00 -9999.00 -9999.00 -9999.00 153.24 104.97 29.91 108.64 58.29 160.35 139.05 106.08 20.00 35.84 34.56 39.78 80.54 92.00 66.30 77.30 160.70 158.73 79.70 160.69 159.71 36.70 81.71 22.46 102.35 34.81
-9999.00 -9999.00 -9999.00 -9999.00 -9999.00 -9999.00 -9999.00 -9999.00 -9999.00 -9999.00 -9999.00 -9999.00 -9999.00 -9999.00 -9999.00 -9999.00 -9999.00 -9999.00 -9999.00 -9999.00 -9999.00 -9999.00 -9999.00 -9999.00 -9999.00 -9999.00 -9999.00 -9999.00 -9999.00 -9999.00 -9999.00 -9999.00 -9999.00 -9999.00 -9999.00 -9999.00 -9999.00 139.70 86.63 107.16 32.17 138.02 146.82 141.65 106.76 105.68 20.95 164.05 33.24 94.91 145.36 125.62 96.35 79.31 35.73 36.11 30.61 108.22 105.77 99.85 65.83 14.93 11.11
-9999.00 -9999.00 -9999.00 -9999.00 -9999.00 -9999.00 -9999.00 -9999.00 -9999.00 -9999.00 -9999.00 -9999.00 -9999.00 -9999.00 -9999.00 -9999.00 -9999.00 -9999.00 -9999.00 -9999.00 -9999.00 -9999.00 -9999.00 -9999.00 -9999.00 -9999.00 -9999.00 -9999.00 -9999.00 -9999.00 -9999.00 -9999.00 -9999.00 -9999.00 -9999.00 -9999.00 -9999.00 -9999.00 -9999.00 103.08 83.26 142.43 160.86 108.27 41.51 28.21 27.14 163.92 161.22 55.08 142.71 158.30 135.36 153.79 94.17 107.75 37.15 27.01 107.78 84.48 163.72 103.68 22.58
-9999.00 -9999.00 -9999.00 -9999.00 -9999.00 -9999.00 -9999.00 -9999.00 -9999.00 -9999.00 -9999.00 -9999.00 -9999.00 -9999.00 -9999.00 -9999.00 -9999.00 -9999.00 -9999.00 -9999.00 -9999.00 -9999.00 -9999.00 -9999.00 -9999.00 -9999.00 -9999.00 -9999.00 -9999.00 -9999.00 -9999.00 -9999.00 -9999.00 -9999.00 -9999.00 -9999.00 -9999.00 -9999.00 -9999.00 -9999.00 133.07 157.72 156.90 69.60 31.62 158.09 97.11 23.75 135.21 153.31 150.97 131.60 -9999.00 148.08 116.04 145.38 96.58 105.26 64.82 165.00 103.20 150.04 158.80
-9999.00 -9999.00 -9999.00 -9999.00 -9999.00 -9999.00 -9999.00 -9999.00 -9999.00 -9999.00 -9999.00 -9999.00 -9999.00 -9999.00 -9999.00 -9999.00 -9999.00 -9999.00 -9999.00 -9999.00 -9999.00 -9999.00 -9999.00 -9999.00 -9999.00 -9999.00 -9999.00 -9999.00 -9999.00 -9999.00 -9999.00 -9999.00 -9999.00 -9999.00 -9999.00 -9999.00 -9999.00 -9999.00 -9999.00 -9999.00 -9999.00 -9999.00 131.93 161.91 99.11 150.23 109.24 35.18 37.59 164.45 135.15 153.86 -9999.00 -9999.00 -9999.00 -9999.00 135.78 144.08 37.39 75.73 163.13 137.93 125.63
-9999.00 -9999.00 -9999.00 -9999.00 -9999.00 -9999.00 -9999.00 -9999.00 -9999.00 -9999.00 -9999.00 -9999.00 -9999.00 -9999.00 -9999.00 -9999.00 -9999.00 -9999.00 -9999.00 -9999.00 -9999.00 -9999.00 -9999.00 -9999.00 -9999.00 -9999.00 -9999.00 -9999.00 -9999.00 -9999.00 -9999.00 -9999.00 -9999.00 -9999.00 -9999.00 -9999.00 -9999.00 -9999.00 -9999.00 -9999.00 -9999.00 -9999.00 -9999.00 -9999.00 -9999.00 156.38 94.37 42.91 41.13 27.70 135.68 147.27 -9999.00 -9999.00 -9999.00 -9999.00 -9999.00 137.49 141.58 150.51 127.07 143.04 155.56
-9999.00 -9999.00 -9999.00 -9999.00 -9999.00 -9999.00 -9999.00 -9999.00 -9999.00 -9999.00 -9999.00 -9999.00 -9999.00 -9999.00 -9999.00 -9999.00 -9999.00 -9999.00 -9999.00 -9999.00 -9999.00 -9999.00 -9999.00 -9999.00 -9999.00 -9999.00 -9999.00 -9999.00 -9999.00 -9999.00 -9999.00 -9999.00 -9999.00 -9999.00 -9999.00 -9999.00 -9999.00 -9999.00 -9999.00 -9999.00 -9999.00 -9999.00 -9999.00 -9999.00 -9999.00 -9999.00 147.47 105.51 103.14 39.90 31.57 156.38 133.94 -9999.00 -9999.00 -9999.00 -9999.00 -9999.00 144.88 146.32 152.12 158.92 88.53
-9999.00 -9999.00 -9999.00 -9999.00 -9999.00 -9999.00 -9999.00 -9999.00 -9999.00 -9999.00 -9999.00 -9999.00 -9999.00 -9999.00 -9999.00 -9999.00 -9999.00 -9999.00 -9999.00 -9999.00 -9999.00 -9999.00 -9999.00 -9999.00 -9999.00 -9999.00 -9999.00 -9999.00 -9999.00 -9999.00 -9999.00 -9999.00 -9999.00 -9999.00 -9999.00 -9999.00 -9999.00 -9999.00 -9999.00 -9999.00 -9999.00 -9999.00 -9999.00 -9999.00 -9999.00 -9999.00 102.93 139.49 106.49 97.72 41.17 136.88 157.35 -9999.00 -9999.00 -9999.00 -9999.00 -9999.00 134.44 135.17 139.57 132.22 147.46
