Data/ASC_file/Yalongjiang_FreedomWaterCapacity.asc
ncols      177
nrows      180
xllcorner  95.91681
yllcorner  25.75703
cellsize   0.05000
NODATA_value -9999.00000
[rows 28 to 55 of 180, columns 0 to 62 of 177]
-9999.00 -9999.00 -9999.00 -9999.00 -9999.00 -9999.00 -9999.00 4.84 5.27 15.51 3.99 14.19 14.54 13.18 5.56 14.94 15.76 2.81 4.82 4.79 0.61 1.35 0.90 5.47 7.05 6.52 14.70 14.40 13.08 11.47 2.81 2.37 2.79 3.07 2.84 1.43 14.43 14.56 5.12 1.52 13.56 15.92 6.48 13.79 14.31 4.91 3.41 13.28 12.08 14.20 15.52 14.38 8.96 15.99 14.85 14.78 13.25 -9999.00 -9999.00 -9999.00 -9999.00 13.57 -9999.00
-9999.00 -9999.00 -9999.00 -9999.00 -9999.00 -9999.00 5.11 13.28 5.36 14.37 1.39 15.90 16.14 13.82 14.02 13.55 5.43 14.72 14.66 3.30 15.50 1.64 1.37 3.14 4.59 5.38 15.56 15.72 15.56 15.17 12.98 8.09 12.02 4.87 2.25 10.94 7.00 13.87 6.77 1.47 0.66 0.89 15.43 12.83 13.71 14.04 1.52 2.83 3.93 11.30 13.73 4.04 5.17 12.28 12.51 14.61 13.47 -9999.00 -9999.00 13.87 11.86 10.69 16.00
-9999.00 -9999.00 -9999.00 -9999.00 -9999.00 -9999.00 -9999.00 14.43 14.53 4.71 2.21 1.30 12.73 5.63 13.21 15.52 15.19 14.61 14.73 14.06 15.67 4.85 1.56 23.44 4.03 4.01 0.74 5.08 4.89 5.46 2.81 3.29 10.59 9.71 13.12 16.91 18.59 6.84 6.63 6.44 1.80 0.98 0.24 14.21 15.71 14.77 5.01 14.23 11.27 7.56 8.69 5.43 6.95 15.99 12.76 12.89 14.39 14.02 16.42 10.03 14.89 15.64 12.34
-9999.00 -9999.00 -9999.00 -9999.00 -9999.00 -9999.00 -9999.00 -9999.00 5.26 2.17 5.26 5.24 3.53 5.19 6.79 16.15 14.60 5.01 2.10 5.51 5.57 2.25 1.84 5.51 22.13 23.48 16.14 0.73 5.23 0.43 5.10 15.80 15.24 14.28 6.13 8.57 5.53 6.15 6.10 5.95 5.97 1.86 1.27 0.22 2.55 15.87 12.67 15.81 15.53 14.18 13.02 4.82 3.79 15.25 14.90 14.47 14.73 12.25 13.73 11.44 5.40 5.07 10.63
-9999.00 -9999.00 -9999.00 -9999.00 -9999.00 -9999.00 -9999.00 -9999.00 -9999.00 4.54 1.97 1.99 14.72 4.59 5.62 6.06 5.88 16.17 14.36 4.50 4.87 4.09 16.12 1.04 1.77 21.98 16.35 4.74 0.44 1.96 5.47 15.48 14.32 12.22 5.62 5.81 5.46 5.82 1.93 2.03 5.46 1.83 15.87 4.56 0.62 2.40 11.52 16.20 12.45 15.75 7.80 6.63 1.91 12.24 13.89 14.61 14.83 11.78 14.16 14.66 13.13 13.63 14.48
-9999.00 -9999.00 -9999.00 -9999.00 -9999.00 -9999.00 -9999.00 -9999.00 -9999.00 13.26 7.05 5.13 2.34 7.28 15.05 5.25 22.14 7.44 6.46 13.25 14.25 16.41 16.47 15.23 1.05 1.57 5.43 0.29 7.44 15.33 10.17 6.40 14.65 13.89 13.30 14.48 13.61 5.18 11.81 6.42 2.18 5.98 2.89 6.05 5.09 0.56 6.45 6.94 13.95 15.73 15.25 15.80 12.27 16.05 14.01 14.52 16.51 15.41 4.82 14.97 13.02 14.33 14.43
-9999.00 -9999.00 -9999.00 -9999.00 -9999.00 -9999.00 -9999.00 -9999.00 -9999.00 -9999.00 -9999.00 7.22 14.20 -9999.00 -9999.00 11.64 13.96 6.35 21.79 4.82 2.18 2.17 2.15 2.00 5.36 1.57 0.92 0.92 16.66 14.53 14.94 14.42 13.86 14.57 14.29 15.57 15.66 14.48 11.05 14.71 7.19 6.39 6.13 5.94 5.90 4.82 0.58 6.10 7.08 14.25 15.74 13.85 5.62 9.06 8.81 12.34 14.29 14.17 15.23 9.55 14.32 15.59 15.47
-9999.00 -9999.00 -9999.00 -9999.00 -9999.00 -9999.00 -9999.00 -9999.00 -9999.00 -9999.00 -9999.00 -9999.00 -9999.00 -9999.00 -9999.00 5.31 15.48 14.26 15.98 15.91 13.49 10.01 9.70 2.83 2.04 4.89 1.87 0.86 0.74 5.46 14.54 14.39 15.98 16.38 14.50 15.16 15.63 15.46 12.31 16.45 5.96 6.16 6.05 5.94 5.57 5.45 5.00 0.57 5.71 5.84 15.07 6.02 2.14 4.64 7.43 2.61 10.09 15.69 15.45 14.87 4.93 15.61 13.49
-9999.00 -9999.00 -9999.00 -9999.00 -9999.00 -9999.00 -9999.00 -9999.00 -9999.00 -9999.00 -9999.00 -9999.00 -9999.00 -9999.00 -9999.00 -9999.00 4.72 8.06 22.46 21.22 5.34 2.75 8.77 4.70 5.71 5.57 1.09 1.64 5.28 0.78 1.74 1.64 15.44 13.93 13.75 15.74 15.93 15.52 5.62 10.25 11.09 5.89 5.34 5.03 5.12 5.09 5.08 4.99 0.56 14.45 14.52 15.15 4.85 16.20 7.99 7.45 14.98 13.17 14.49 16.06 1.67 15.57 8.23
-9999.00 -9999.00 -9999.00 -9999.00 -9999.00 -9999.00 -9999.00 -9999.00 -9999.00 -9999.00 -9999.00 -9999.00 -9999.00 -9999.00 -9999.00 15.07 9.95 8.39 4.52 4.65 7.68 7.76 5.48 7.01 4.46 5.77 4.98 0.91 1.32 1.09 14.35 15.44 0.74 15.25 15.98 13.14 15.23 10.82 15.04 13.62 10.77 13.34 4.61 13.38 13.70 12.74 13.66 6.80 5.36 1.52 0.65 0.37 14.87 0.78 0.25 0.28 15.27 3.19 12.40 1.60 15.94 1.75 4.42
-9999.00 -9999.00 -9999.00 -9999.00 -9999.00 -9999.00 -9999.00 -9999.00 -9999.00 -9999.00 -9999.00 -9999.00 -9999.00 -9999.00 -9999.00 -9999.00 14.82 22.94 16.21 9.87 8.31 6.47 9.60 8.70 6.81 10.09 19.33 15.26 0.76 0.68 1.63 14.19 12.56 6.50 14.12 9.22 15.40 12.99 13.61 15.38 10.72 13.48 10.71 13.32 13.18 11.87 16.83 16.29 3.41 6.50 2.75 0.81 1.54 0.25 7.83 0.35 0.37 0.16 2.52 0.71 1.39 1.70 22.48
-9999.00 -9999.00 -9999.00 -9999.00 -9999.00 -9999.00 -9999.00 -9999.00 -9999.00 -9999.00 -9999.00 -9999.00 -9999.00 -9999.00 -9999.00 -9999.00 13.46 11.44 14.75 14.18 16.41 15.13 15.29 12.03 2.15 2.18 9.85 7.69 3.14 5.85 4.41 14.66 14.43 13.74 6.96 20.30 14.06 7.56 15.15 11.25 14.34 15.32 13.20 15.00 15.68 14.23 15.38 12.16 6.99 6.75 6.43 1.23 0.64 1.74 14.94 8.19 5.55 6.96 0.37 15.56 0.83 0.26 12.00
-9999.00 -9999.00 -9999.00 -9999.00 -9999.00 -9999.00 -9999.00 -9999.00 -9999.00 -9999.00 -9999.00 -9999.00 -9999.00 -9999.00 -9999.00 -9999.00 9.34 16.39 13.53 14.95 13.38 14.15 4.68 16.39 14.43 7.94 8.11 15.11 4.67 4.99 4.61 15.16 14.46 7.37 14.43 13.45 14.93 15.68 13.35 4.90 14.21 11.27 14.64 14.36 15.05 14.40 13.87 12.91 6.55 6.31 1.51 1.27 4.82 2.60 4.54 16.49 7.65 8.29 2.29 0.35 0.83 0.70 0.36
-9999.00 -9999.00 -9999.00 -9999.00 -9999.00 -9999.00 -9999.00 -9999.00 -9999.00 -9999.00 -9999.00 -9999.00 -9999.00 -9999.00 -9999.00 -9999.00 12.52 10.81 14.46 14.59 11.09 14.41 16.10 5.02 14.66 22.59 12.55 15.98 12.65 2.20 3.25 6.58 14.24 16.17 15.15 16.36 14.26 5.79 14.70 13.67 14.99 12.29 15.10 14.12 13.99 13.65 14.64 13.77 9.84 1.22 5.16 15.56 16.20 22.54 10.56 13.23 15.37 16.38 7.56 8.03 8.26 7.39 4.58
-9999.00 -9999.00 -9999.00 -9999.00 -9999.00 -9999.00 -9999.00 -9999.00 -9999.00 -9999.00 -9999.00 -9999.00 -9999.00 -9999.00 -9999.00 -9999.00 -9999.00 -9999.00 19.96 -9999.00 -9999.00 15.55 12.11 12.12 13.42 6.74 6.24 4.85 14.00 15.44 23.32 3.47 1.38 1.46 5.60 2.17 5.79 15.12 15.20 12.56 11.22 14.30 14.39 13.97 15.87 14.71 14.32 13.72 12.82 1.70 1.46 19.34 15.01 14.62 16.66 10.15 10.28 21.45 2.72 23.76 23.97 11.52 11.39
-9999.00 -9999.00 -9999.00 -9999.00 -9999.00 -9999.00 -9999.00 -9999.00 -9999.00 -9999.00 -9999.00 -9999.00 -9999.00 -9999.00 -9999.00 -9999.00 -9999.00 -9999.00 -9999.00 -9999.00 -9999.00 -9999.00 -9999.00 20.21 13.95 14.59 -9999.00 14.89 14.96 14.26 16.36 1.83 2.88 1.29 5.23 7.83 14.26 15.15 14.76 4.85 16.82 2.69 15.63 2.62 12.95 15.23 16.24 15.95 14.40 5.66 5.28 11.77 12.05 15.33 6.64 15.40 8.12 4.92 3.98 1.90 3.68 22.57 16.23
-9999.00 -9999.00 -9999.00 -9999.00 -9999.00 -9999.00 -9999.00 -9999.00 -9999.00 -9999.00 -9999.00 -9999.00 -9999.00 -9999.00 -9999.00 -9999.00 -9999.00 -9999.00 -9999.00 -9999.00 -9999.00 -9999.00 -9999.00 -9999.00 -9999.00 -9999.00 -9999.00 14.00 2.22 5.99 4.10 15.81 15.72 16.11 23.52 3.92 6.54 7.11 7.24 7.99 1.90 1.06 4.29 16.15 14.99 16.12 14.30 13.16 14.29 2.19 1.90 11.33 15.31 13.87 15.83 15.66 14.69 4.73 13.14 15.48 2.80 4.14 3.35
-9999.00 -9999.00 -9999.00 -9999.00 -9999.00 -9999.00 -9999.00 -9999.00 -9999.00 -9999.00 -9999.00 -9999.00 -9999.00 -9999.00 -9999.00 -9999.00 -9999.00 -9999.00 -9999.00 -9999.00 -9999.00 -9999.00 -9999.00 -9999.00 -9999.00 -9999.00 -9999.00 -9999.00 15.31 14.22 1.14 5.10 2.10 8.73 7.31 4.75 0.52 2.94 7.05 7.50 7.58 7.75 2.02 16.45 14.07 12.82 16.13 14.62 15.10 14.68 14.05 12.11 15.28 15.69 15.73 4.50 14.23 15.89 15.71 15.85 5.14 3.59 22.31
-9999.00 -9999.00 -9999.00 -9999.00 -9999.00 -9999.00 -9999.00 -9999.00 -9999.00 -9999.00 -9999.00 -9999.00 -9999.00 -9999.00 -9999.00 -9999.00 -9999.00 -9999.00 -9999.00 -9999.00 -9999.00 -9999.00 -9999.00 -9999.00 -9999.00 -9999.00 -9999.00 -9999.00 -9999.00 14.47 5.03 14.13 14.32 15.62 16.09 4.97 15.22 11.51 1.16 1.60 6.93 6.72 6.30 7.62 14.93 16.75 16.09 15.49 15.08 16.01 16.48 16.25 1.69 5.20 15.86 4.39 11.47 15.23 8.12 2.62 2.61 19.22 5.08
-9999.00 -9999.00 -9999.00 -9999.00 -9999.00 -9999.00 -9999.00 -9999.00 -9999.00 -9999.00 -9999.00 -9999.00 -9999.00 -9999.00 -9999.00 -9999.00 -9999.00 -9999.00 -9999.00 -9999.00 -9999.00 -9999.00 -9999.00 -9999.00 -9999.00 -9999.00 -9999.00 -9999.00 -9999.00 -9999.00 -9999.00 15.37 13.97 13.80 6.28 5.47 11.63 15.23 1.73 5.75 5.47 2.46 5.44 0.59 6.29 1.92 2.16 15.74 16.13 14.99 13.45 15.43 16.62 0.90 5.29 4.85 16.26 6.54 4.13 8.01 2.13 12.04 5.12
-9999.00 -9999.00 -9999.00 -9999.00 -9999.00 -9999.00 -9999.00 -9999.00 -9999.00 -9999.00 -9999.00 -9999.00 -9999.00 -9999.00 -9999.00 -9999.00 -9999.00 -9999.00 -9999.00 -9999.00 -9999.00 -9999.00 -9999.00 -9999.00 -9999.00 -9999.00 -9999.00 -9999.00 -9999.00 -9999.00 -9999.00 -9999.00 -9999.00 -9999.00 -9999.00 -9999.00 -9999.00 15.58 5.51 1.57 5.70 5.93 16.30 14.14 5.57 5.07 9.09 8.77 2.09 4.23 4.83 3.48 4.06 16.34 16.14 4.18 8.17 16.24 1.93 4.29 5.70 5.37 1.83
-9999.00 -9999.00 -9999.00 -9999.00 -9999.00 -9999.00 -9999.00 -9999.00 -9999.00 -9999.00 -9999.00 -9999.00 -9999.00 -9999.00 -9999.00 -9999.00 -9999.00 -9999.00 -9999.00 -9999.00 -9999.00 -9999.00 -9999.00 -9999.00 -9999.00 -9999.00 -9999.00 -9999.00 -9999.00 -9999.00 -9999.00 -9999.00 -9999.00 -9999.00 -9999.00 -9999.00 -9999.00 14.20 4.55 5.63 1.69 14.49 15.42 14.87 5.60 5.55 2.66 16.68 1.75 4.98 14.78 12.77 5.06 4.16 1.88 1.90 1.61 5.68 5.55 2.62 3.46 3.79 0.29
-9999.00 -9999.00 -9999.00 -9999.00 -9999.00 -9999.00 -9999.00 -9999.00 -9999.00 -9999.00 -9999.00 -9999.00 -9999.00 -9999.00 -9999.00 -9999.00 -9999.00 -9999.00 -9999.00 -9999.00 -9999.00 -9999.00 -9999.00 -9999.00 -9999.00 -9999.00 -9999.00 -9999.00 -9999.00 -9999.00 -9999.00 -9999.00 -9999.00 -9999.00 -9999.00 -9999.00 -9999.00 -9999.00 -9999.00 5.41 4.37 14.95 16.35 5.68 2.18 3.58 6.88 16.67 16.39 5.60 7.25 16.09 14.21 15.64 4.94 5.66 1.95 0.71 5.66 8.87 16.64 2.72 1.19
-9999.00 -9999.00 -9999.00 -9999.00 -9999.00 -9999.00 -9999.00 -9999.00 -9999.00 -9999.00 -9999.00 -9999.00 -9999.00 -9999.00 -9999.00 -9999.00 -9999.00 -9999.00 -9999.00 -9999.00 -9999.00 -9999.00 -9999.00 -9999.00 -9999.00 -9999.00 -9999.00 -9999.00 -9999.00 -9999.00 -9999.00 -9999.00 -9999.00 -9999.00 -9999.00 -9999.00 -9999.00 -9999.00 -9999.00 -9999.00 13.53 16.03 15.95 3.65 8.02 16.07 24.63 6.02 14.20 15.59 15.35 13.38 -9999.00 15.06 21.88 14.78 5.07 5.53 3.40 16.78 5.42 7.63 8.07
-9999.00 -9999.00 -9999.00 -9999.00 -9999.00 -9999.00 -9999.00 -9999.00 -9999.00 -9999.00 -9999.00 -9999.00 -9999.00 -9999.00 -9999.00 -9999.00 -9999.00 -9999.00 -9999.00 -9999.00 -9999.00 -9999.00 -9999.00 -9999.00 -9999.00 -9999.00 -9999.00 -9999.00 -9999.00 -9999.00 -9999.00 -9999.00 -9999.00 -9999.00 -9999.00 -9999.00 -9999.00 -9999.00 -9999.00 -9999.00 -9999.00 -9999.00 13.41 16.46 5.20 15.27 5.74 8.92 3.95 8.36 13.74 15.64 -9999.00 -9999.00 -9999.00 -9999.00 14.26 14.65 1.96 3.98 16.58 14.02 12.77
-9999.00 -9999.00 -9999.00 -9999.00 -9999.00 -9999.00 -9999.00 -9999.00 -9999.00 -9999.00 -9999.00 -9999.00 -9999.00 -9999.00 -9999.00 -9999.00 -9999.00 -9999.00 -9999.00 -9999.00 -9999.00 -9999.00 -9999.00 -9999.00 -9999.00 -9999.00 -9999.00 -9999.00 -9999.00 -9999.00 -9999.00 -9999.00 -9999.00 -9999.00 -9999.00 -9999.00 -9999.00 -9999.00 -9999.00 -9999.00 -9999.00 -9999.00 -9999.00 -9999.00 -9999.00 15.90 4.95 1.13 10.43 7.02 13.79 14.97 -9999.00 -9999.00 -9999.00 -9999.00 -9999.00 14.44 7.43 15.30 12.92 14.54 15.82
-9999.00 -9999.00 -9999.00 -9999.00 -9999.00 -9999.00 -9999.00 -9999.00 -9999.00 -9999.00 -9999.00 -9999.00 -9999.00 -9999.00 -9999.00 -9999.00 -9999.00 -9999.00 -9999.00 -9999.00 -9999.00 -9999.00 -9999.00 -9999.00 -9999.00 -9999.00 -9999.00 -9999.00 -9999.00 -9999.00 -9999.00 -9999.00 -9999.00 -9999.00 -9999.00 -9999.00 -9999.00 -9999.00 -9999.00 -9999.00 -9999.00 -9999.00 -9999.00 -9999.00 -9999.00 -9999.00 14.99 5.54 2.71 10.12 4.00 15.90 14.06 -9999.00 -9999.00 -9999.00 -9999.00 -9999.00 19.02 15.36 15.47 16.16 2.32
-9999.00 -9999.00 -9999.00 -9999.00 -9999.00 -9999.00 -9999.00 -9999.00 -9999.00 -9999.00 -9999.00 -9999.00 -9999.00 -9999.00 -9999.00 -9999.00 -9999.00 -9999.00 -9999.00 -9999.00 -9999.00 -9999.00 -9999.00 -9999.00 -9999.00 -9999.00 -9999.00 -9999.00 -9999.00 -9999.00 -9999.00 -9999.00 -9999.00 -9999.00 -9999.00 -9999.00 -9999.00 -9999.00 -9999.00 -9999.00 -9999.00 -9999.00 -9999.00 -9999.00 -9999.00 -9999.00 5.40 14.18 5.59 2.57 10.44 13.92 16.00 -9999.00 -9999.00 -9999.00 -9999.00 -9999.00 13.67 14.19 14.65 13.88 14.99
