Data/ASC_file/Yalongjiang_HumusSoilDepth.asc
ncols      177
nrows      180
xllcorner  95.91681
yllcorner  25.75703
cellsize   0.05000
NODATA_value -9999.00000
[rows 28 to 55 of 180, columns 0 to 62 of 177]
-9999.00 -9999.00 -9999.00 -9999.00 -9999.00 -9999.00 -9999.00 92.26 100.39 101.73 26.18 93.05 103.89 94.16 105.97 106.73 103.37 12.79 21.90 21.78 11.67 25.64 17.13 104.19 32.06 42.75 96.37 94.45 85.79 75.21 20.09 16.95 18.30 20.11 18.64 9.40 94.63 95.51 22.01 6.54 88.94 104.37 42.51 90.43 93.81 32.17 22.37 87.07 79.21 93.13 101.80 94.30 58.76 104.82 97.39 105.55 94.68 -9999.00 -9999.00 -9999.00 -9999.00 96.94 -9999.00
-9999.00 -9999.00 -9999.00 -9999.00 -9999.00 -9999.00 97.39 87.11 35.17 94.20 26.44 104.26 105.83 98.75 100.14 88.88 35.63 96.54 96.12 21.61 101.66 31.24 26.18 14.29 87.36 102.56 102.03 103.08 102.01 99.48 58.98 53.06 54.62 22.12 14.74 71.75 45.91 90.95 48.39 28.00 12.65 5.86 101.20 84.10 89.88 92.09 29.04 54.00 25.80 74.09 90.03 26.51 33.92 80.51 82.05 104.34 96.22 -9999.00 -9999.00 90.97 84.69 70.08 104.93
-9999.00 -9999.00 -9999.00 -9999.00 -9999.00 -9999.00 -9999.00 103.07 95.29 30.89 42.09 24.79 83.47 36.93 86.63 101.78 99.61 104.34 105.24 100.41 102.74 92.41 29.76 106.57 18.34 18.22 14.10 96.76 93.20 104.08 53.50 62.64 69.46 63.67 86.05 76.88 84.49 44.84 43.45 42.24 34.26 18.69 4.66 93.20 103.01 96.84 32.88 93.29 73.89 49.59 57.00 35.60 45.55 104.83 83.70 84.55 102.76 91.96 107.66 71.67 97.63 102.57 80.93
-9999.00 -9999.00 -9999.00 -9999.00 -9999.00 -9999.00 -9999.00 -9999.00 100.14 41.28 100.12 99.75 25.19 37.06 44.52 105.93 104.27 95.37 40.09 104.99 106.07 42.80 35.02 105.04 100.59 106.72 105.84 13.98 99.54 8.19 97.13 103.61 99.96 93.63 40.21 38.95 39.53 40.34 39.99 39.04 39.12 35.38 24.12 4.24 48.66 104.07 83.08 103.70 101.84 92.98 85.36 31.58 72.21 100.02 97.71 94.92 105.20 80.33 98.05 81.69 38.57 36.20 69.69
-9999.00 -9999.00 -9999.00 -9999.00 -9999.00 -9999.00 -9999.00 -9999.00 -9999.00 86.51 37.59 37.84 96.52 30.12 36.86 39.72 38.58 106.01 102.57 85.75 92.75 77.89 105.67 19.89 33.77 99.91 107.18 90.34 8.30 37.25 104.12 101.53 93.90 80.14 40.11 38.07 38.98 38.18 36.72 38.66 38.99 34.94 104.07 29.87 4.07 45.67 75.51 106.24 81.62 103.28 51.14 43.51 36.29 80.28 91.09 95.81 105.93 77.22 92.85 104.69 93.78 97.38 103.45
-9999.00 -9999.00 -9999.00 -9999.00 -9999.00 -9999.00 -9999.00 -9999.00 -9999.00 86.92 46.26 97.64 44.54 47.72 98.72 34.41 100.63 33.84 42.34 86.87 93.47 107.59 107.97 99.85 19.98 29.83 103.43 5.54 48.79 100.55 66.69 41.96 96.10 91.08 87.19 94.92 89.23 33.99 77.44 42.08 41.56 39.23 18.93 39.66 33.36 3.96 46.07 45.52 91.44 103.17 99.99 103.61 80.46 105.26 91.86 95.21 108.26 101.07 31.64 106.95 92.98 102.37 103.10
-9999.00 -9999.00 -9999.00 -9999.00 -9999.00 -9999.00 -9999.00 -9999.00 -9999.00 -9999.00 -9999.00 47.36 101.44 -9999.00 -9999.00 76.36 99.71 45.35 99.06 91.88 41.57 41.35 40.97 38.12 102.14 29.86 17.58 17.58 109.24 95.31 97.96 102.99 90.90 95.54 93.68 102.11 102.69 94.92 78.91 96.43 47.12 41.87 40.19 38.94 38.68 34.41 3.83 43.58 46.40 93.44 103.24 90.80 107.12 59.43 57.74 80.92 93.70 101.23 99.89 62.63 93.92 102.25 101.42
-9999.00 -9999.00 -9999.00 -9999.00 -9999.00 -9999.00 -9999.00 -9999.00 -9999.00 -9999.00 -9999.00 -9999.00 -9999.00 -9999.00 -9999.00 101.09 101.53 93.51 104.77 104.34 88.44 45.48 44.11 18.55 13.35 22.21 35.53 16.43 14.16 35.81 95.33 102.79 104.77 107.38 95.09 108.27 102.48 101.41 80.74 107.89 39.06 40.36 39.70 38.93 36.50 35.76 32.81 3.71 40.80 38.27 98.83 39.49 40.79 30.45 48.73 17.10 66.15 102.89 101.34 97.50 32.31 102.34 88.48
-9999.00 -9999.00 -9999.00 -9999.00 -9999.00 -9999.00 -9999.00 -9999.00 -9999.00 -9999.00 -9999.00 -9999.00 -9999.00 -9999.00 -9999.00 -9999.00 89.86 36.63 102.11 96.43 101.71 52.42 39.85 21.35 108.72 106.16 20.80 31.27 100.60 14.91 33.24 31.32 101.24 99.50 98.19 103.24 104.46 101.79 36.88 67.21 72.72 38.61 38.16 32.99 33.54 33.38 33.29 32.75 3.65 94.74 95.19 108.24 31.80 106.20 52.38 48.87 98.23 86.36 94.99 105.29 31.74 102.07 53.97
-9999.00 -9999.00 -9999.00 -9999.00 -9999.00 -9999.00 -9999.00 -9999.00 -9999.00 -9999.00 -9999.00 -9999.00 -9999.00 -9999.00 -9999.00 98.84 45.24 38.14 32.25 33.19 34.92 35.29 24.89 31.88 84.99 109.87 94.89 17.38 25.19 20.72 102.50 110.29 14.03 100.01 104.82 86.15 99.89 70.92 98.60 97.27 70.64 87.50 30.22 87.72 89.82 83.57 89.57 44.61 38.26 9.98 12.34 7.13 97.54 14.88 4.73 5.40 100.12 20.94 81.30 30.45 104.52 33.32 84.26
-9999.00 -9999.00 -9999.00 -9999.00 -9999.00 -9999.00 -9999.00 -9999.00 -9999.00 -9999.00 -9999.00 -9999.00 -9999.00 -9999.00 -9999.00 -9999.00 97.17 104.28 73.69 44.88 37.78 29.41 43.62 39.55 30.94 45.88 87.85 109.03 14.42 12.89 10.69 101.37 82.35 29.53 92.62 65.89 101.00 92.78 97.19 100.86 70.29 88.40 70.21 95.13 86.44 77.86 110.34 106.85 24.38 42.66 18.03 15.41 11.02 4.84 51.36 6.74 7.03 2.98 47.94 13.45 9.13 32.42 102.18
-9999.00 -9999.00 -9999.00 -9999.00 -9999.00 -9999.00 -9999.00 -9999.00 -9999.00 -9999.00 -9999.00 -9999.00 -9999.00 -9999.00 -9999.00 -9999.00 88.26 75.00 105.36 92.97 107.60 99.19 100.28 78.90 40.95 41.50 44.76 34.96 14.29 26.58 28.89 104.70 103.05 98.12 31.62 92.29 100.39 49.58 99.31 73.79 102.41 100.47 86.53 107.17 102.83 93.32 100.83 79.72 45.86 44.24 42.18 23.36 12.16 33.06 97.96 53.70 36.40 45.64 7.09 102.04 15.79 5.02 78.69
-9999.00 -9999.00 -9999.00 -9999.00 -9999.00 -9999.00 -9999.00 -9999.00 -9999.00 -9999.00 -9999.00 -9999.00 -9999.00 -9999.00 -9999.00 -9999.00 61.26 107.46 96.63 106.82 95.58 92.80 30.68 107.45 103.10 52.06 53.17 99.09 21.22 22.68 87.77 108.29 103.26 52.65 103.09 96.04 106.67 102.84 95.36 93.29 101.51 73.90 95.97 102.61 107.48 102.86 90.93 84.63 42.92 41.35 28.82 24.13 91.89 49.60 29.74 108.14 50.19 54.37 43.69 6.71 15.78 13.35 6.79
-9999.00 -9999.00 -9999.00 -9999.00 -9999.00 -9999.00 -9999.00 -9999.00 -9999.00 -9999.00 -9999.00 -9999.00 -9999.00 -9999.00 -9999.00 -9999.00 89.41 70.86 103.30 104.25 79.25 102.90 105.55 32.90 104.73 102.68 82.32 104.81 90.34 41.93 14.75 29.92 93.37 106.04 99.32 107.26 93.51 37.96 105.02 97.67 107.07 87.76 107.87 100.83 91.77 89.51 95.99 90.28 64.49 23.19 98.38 102.01 106.26 102.45 69.24 86.73 100.75 107.39 49.59 52.62 54.18 48.44 87.22
-9999.00 -9999.00 -9999.00 -9999.00 -9999.00 -9999.00 -9999.00 -9999.00 -9999.00 -9999.00 -9999.00 -9999.00 -9999.00 -9999.00 -9999.00 -9999.00 -9999.00 -9999.00 90.71 -9999.00 -9999.00 101.97 86.47 86.55 95.87 44.21 40.90 34.62 100.01 101.24 106.01 15.78 26.34 27.79 36.69 41.41 41.34 108.00 108.57 82.39 73.56 102.17 102.76 99.81 104.05 96.43 93.90 89.97 84.09 32.42 27.77 87.90 98.43 95.89 109.26 66.55 67.39 97.48 51.82 108.01 108.94 52.36 51.77
-9999.00 -9999.00 -9999.00 -9999.00 -9999.00 -9999.00 -9999.00 -9999.00 -9999.00 -9999.00 -9999.00 -9999.00 -9999.00 -9999.00 -9999.00 -9999.00 -9999.00 -9999.00 -9999.00 -9999.00 -9999.00 -9999.00 -9999.00 91.85 99.65 104.21 -9999.00 106.35 106.85 101.88 107.27 34.88 18.89 24.55 22.50 33.69 93.48 99.32 96.78 31.83 110.30 17.64 111.65 17.15 84.89 99.89 106.48 104.58 94.41 37.10 34.61 77.16 79.01 100.49 43.54 100.97 53.24 93.64 75.86 36.22 70.06 102.59 73.77
-9999.00 -9999.00 -9999.00 -9999.00 -9999.00 -9999.00 -9999.00 -9999.00 -9999.00 -9999.00 -9999.00 -9999.00 -9999.00 -9999.00 -9999.00 -9999.00 -9999.00 -9999.00 -9999.00 -9999.00 -9999.00 -9999.00 -9999.00 -9999.00 -9999.00 -9999.00 -9999.00 91.81 42.24 39.29 78.06 103.68 103.07 105.62 101.18 16.88 28.13 30.57 31.15 34.38 36.20 20.21 81.65 105.88 107.10 105.70 93.78 86.32 93.70 41.68 36.11 74.31 100.39 90.95 103.79 102.72 96.30 90.17 86.19 101.48 53.29 78.86 63.87
-9999.00 -9999.00 -9999.00 -9999.00 -9999.00 -9999.00 -9999.00 -9999.00 -9999.00 -9999.00 -9999.00 -9999.00 -9999.00 -9999.00 -9999.00 -9999.00 -9999.00 -9999.00 -9999.00 -9999.00 -9999.00 -9999.00 -9999.00 -9999.00 -9999.00 -9999.00 -9999.00 -9999.00 100.39 93.27 21.76 97.18 39.99 37.54 31.45 20.41 9.98 12.65 30.31 32.24 32.59 33.34 38.57 107.87 100.53 84.06 105.76 95.87 98.99 96.26 92.14 79.43 100.22 102.88 103.14 85.65 93.31 104.20 102.99 103.92 97.88 68.31 101.40
-9999.00 -9999.00 -9999.00 -9999.00 -9999.00 -9999.00 -9999.00 -9999.00 -9999.00 -9999.00 -9999.00 -9999.00 -9999.00 -9999.00 -9999.00 -9999.00 -9999.00 -9999.00 -9999.00 -9999.00 -9999.00 -9999.00 -9999.00 -9999.00 -9999.00 -9999.00 -9999.00 -9999.00 -9999.00 94.87 95.89 92.68 93.89 102.41 105.53 21.35 108.68 49.50 22.11 30.42 29.82 28.89 27.09 32.78 97.93 109.87 105.50 101.57 98.91 105.01 108.03 106.56 32.23 99.00 104.03 83.63 75.21 99.90 53.25 49.84 49.74 82.67 96.84
-9999.00 -9999.00 -9999.00 -9999.00 -9999.00 -9999.00 -9999.00 -9999.00 -9999.00 -9999.00 -9999.00 -9999.00 -9999.00 -9999.00 -9999.00 -9999.00 -9999.00 -9999.00 -9999.00 -9999.00 -9999.00 -9999.00 -9999.00 -9999.00 -9999.00 -9999.00 -9999.00 -9999.00 -9999.00 -9999.00 -9999.00 100.78 91.60 90.49 41.15 104.19 83.06 99.85 33.04 109.45 104.25 46.76 103.54 11.29 27.05 36.54 41.19 103.21 105.79 98.32 88.21 101.18 108.99 17.23 100.74 92.36 106.63 42.92 78.65 52.55 40.53 51.78 97.43
-9999.00 -9999.00 -9999.00 -9999.00 -9999.00 -9999.00 -9999.00 -9999.00 -9999.00 -9999.00 -9999.00 -9999.00 -9999.00 -9999.00 -9999.00 -9999.00 -9999.00 -9999.00 -9999.00 -9999.00 -9999.00 -9999.00 -9999.00 -9999.00 -9999.00 -9999.00 -9999.00 -9999.00 -9999.00 -9999.00 -9999.00 -9999.00 -9999.00 -9999.00 -9999.00 -9999.00 -9999.00 102.16 104.97 29.91 108.64 38.86 106.90 92.70 106.08 21.82 39.10 37.70 39.78 80.54 92.00 66.30 77.30 107.13 105.82 79.70 53.56 106.48 36.70 81.71 24.50 102.35 34.81
-9999.00 -9999.00 -9999.00 -9999.00 -9999.00 -9999.00 -9999.00 -9999.00 -9999.00 -9999.00 -9999.00 -9999.00 -9999.00 -9999.00 -9999.00 -9999.00 -9999.00 -9999.00 -9999.00 -9999.00 -9999.00 -9999.00 -9999.00 -9999.00 -9999.00 -9999.00 -9999.00 -9999.00 -9999.00 -9999.00 -9999.00 -9999.00 -9999.00 -9999.00 -9999.00 -9999.00 -9999.00 93.13 86.63 107.16 32.17 103.52 110.12 106.24 106.76 105.68 11.43 109.37 33.24 94.91 96.91 83.75 96.35 79.31 35.73 36.11 30.61 108.22 105.77 49.93 65.83 16.29 5.56
-9999.00 -9999.00 -9999.00 -9999.00 -9999.00 -9999.00 -9999.00 -9999.00 -9999.00 -9999.00 -9999.00 -9999.00 -9999.00 -9999.00 -9999.00 -9999.00 -9999.00 -9999.00 -9999.00 -9999.00 -9999.00 -9999.00 -9999.00 -9999.00 -9999.00 -9999.00 -9999.00 -9999.00 -9999.00 -9999.00 -9999.00 -9999.00 -9999.00 -9999.00 -9999.00 -9999.00 -9999.00 -9999.00 -9999.00 103.08 83.26 106.82 107.24 108.27 41.51 15.39 29.61 109.28 107.48 36.72 47.57 105.53 101.52 102.53 94.17 107.75 37.15 13.50 107.78 63.36 109.15 51.84 22.58
-9999.00 -9999.00 -9999.00 -9999.00 -9999.00 -9999.00 -9999.00 -9999.00 -9999.00 -9999.00 -9999.00 -9999.00 -9999.00 -9999.00 -9999.00 -9999.00 -9999.00 -9999.00 -9999.00 -9999.00 -9999.00 -9999.00 -9999.00 -9999.00 -9999.00 -9999.00 -9999.00 -9999.00 -9999.00 -9999.00 -9999.00 -9999.00 -9999.00 -9999.00 -9999.00 -9999.00 -9999.00 -9999.00 -9999.00 -9999.00 88.71 105.15 104.60 69.60 34.50 105.39 105.94 25.91 101.41 102.20 100.64 87.74 -9999.00 98.72 99.46 96.92 96.58 105.26 64.82 110.00 103.20 50.01 52.93
-9999.00 -9999.00 -9999.00 -9999.00 -9999.00 -9999.00 -9999.00 -9999.00 -9999.00 -9999.00 -9999.00 -9999.00 -9999.00 -9999.00 -9999.00 -9999.00 -9999.00 -9999.00 -9999.00 -9999.00 -9999.00 -9999.00 -9999.00 -9999.00 -9999.00 -9999.00 -9999.00 -9999.00 -9999.00 -9999.00 -9999.00 -9999.00 -9999.00 -9999.00 -9999.00 -9999.00 -9999.00 -9999.00 -9999.00 -9999.00 -9999.00 -9999.00 87.95 107.94 99.11 100.15 109.24 38.38 28.19 54.82 90.10 102.57 -9999.00 -9999.00 -9999.00 -9999.00 101.84 96.05 37.39 75.73 108.75 91.95 83.76
-9999.00 -9999.00 -9999.00 -9999.00 -9999.00 -9999.00 -9999.00 -9999.00 -9999.00 -9999.00 -9999.00 -9999.00 -9999.00 -9999.00 -9999.00 -9999.00 -9999.00 -9999.00 -9999.00 -9999.00 -9999.00 -9999.00 -9999.00 -9999.00 -9999.00 -9999.00 -9999.00 -9999.00 -9999.00 -9999.00 -9999.00 -9999.00 -9999.00 -9999.00 -9999.00 -9999.00 -9999.00 -9999.00 -9999.00 -9999.00 -9999.00 -9999.00 -9999.00 -9999.00 -9999.00 104.25 94.37 21.45 44.87 30.21 90.45 98.18 -9999.00 -9999.00 -9999.00 -9999.00 -9999.00 103.12 53.09 100.34 84.72 95.36 103.71
-9999.00 -9999.00 -9999.00 -9999.00 -9999.00 -9999.00 -9999.00 -9999.00 -9999.00 -9999.00 -9999.00 -9999.00 -9999.00 -9999.00 -9999.00 -9999.00 -9999.00 -9999.00 -9999.00 -9999.00 -9999.00 -9999.00 -9999.00 -9999.00 -9999.00 -9999.00 -9999.00 -9999.00 -9999.00 -9999.00 -9999.00 -9999.00 -9999.00 -9999.00 -9999.00 -9999.00 -9999.00 -9999.00 -9999.00 -9999.00 -9999.00 -9999.00 -9999.00 -9999.00 -9999.00 -9999.00 98.31 105.51 51.57 43.53 17.22 104.25 100.46 -9999.00 -9999.00 -9999.00 -9999.00 -9999.00 135.83 109.74 101.41 105.95 44.26
-9999.00 -9999.00 -9999.00 -9999.00 -9999.00 -9999.00 -9999.00 -9999.00 -9999.00 -9999.00 -9999.00 -9999.00 -9999.00 -9999.00 -9999.00 -9999.00 -9999.00 -9999.00 -9999.00 -9999.00 -9999.00 -9999.00 -9999.00 -9999.00 -9999.00 -9999.00 -9999.00 -9999.00 -9999.00 -9999.00 -9999.00 -9999.00 -9999.00 -9999.00 -9999.00 -9999.00 -9999.00 -9999.00 -9999.00 -9999.00 -9999.00 -9999.00 -9999.00 -9999.00 -9999.00 -9999.00 102.93 92.99 106.49 48.86 44.91 91.25 104.90 -9999.00 -9999.00 -9999.00 -9999.00 -9999.00 89.62 101.38 104.68 99.17 98.30
