Data/ASC_file/Yalongjiang_VadoseZoneDepth.asc
ncols      177
nrows      180
xllcorner  95.91681
yllcorner  25.75703
cellsize   0.05000
NODATA_value -9999.00000
[rows 28 to 55 of 180, columns 0 to 62 of 177]
-9999.00 -9999.00 -9999.00 -9999.00 -9999.00 -9999.00 -9999.00 768.86 836.62 847.79 218.18 775.41 865.75 784.69 883.06 889.39 861.45 213.15 182.46 181.53 194.57 213.64 142.79 868.29 267.16 356.25 803.11 787.05 714.95 626.74 167.40 141.27 152.50 167.59 155.34 78.33 788.60 795.88 183.42 54.47 741.18 869.76 354.26 753.57 781.75 268.12 186.43 725.60 660.11 776.08 848.30 785.82 489.63 873.53 811.61 879.58 788.97 -9999.00 -9999.00 -9999.00 -9999.00 807.82 -9999.00
-9999.00 -9999.00 -9999.00 -9999.00 -9999.00 -9999.00 811.61 725.94 293.11 785.02 220.30 868.81 881.90 822.88 834.53 740.64 296.93 804.49 800.99 180.10 847.19 260.30 218.18 119.06 727.98 854.64 850.25 859.02 850.06 829.02 491.53 442.19 455.17 184.30 122.86 597.96 765.20 757.96 403.26 233.32 105.44 48.82 843.31 700.87 748.98 767.41 241.99 449.96 214.96 617.40 750.24 220.93 282.67 670.89 683.72 869.46 801.86 -9999.00 -9999.00 758.09 705.71 583.99 874.45
-9999.00 -9999.00 -9999.00 -9999.00 -9999.00 -9999.00 -9999.00 858.92 794.09 257.40 350.76 206.58 695.57 307.75 721.89 848.13 830.07 869.49 876.98 836.78 856.15 770.10 248.01 888.07 152.80 151.84 117.47 806.33 776.69 867.30 445.79 522.01 578.84 530.59 717.07 640.65 704.10 373.65 362.12 351.98 285.48 155.74 38.84 776.69 858.42 807.02 274.00 777.42 615.71 413.23 475.03 296.69 379.57 873.59 697.49 704.56 856.32 766.31 897.16 597.28 813.57 854.79 674.39
-9999.00 -9999.00 -9999.00 -9999.00 -9999.00 -9999.00 -9999.00 -9999.00 834.46 343.99 834.33 831.28 209.89 308.87 371.03 882.75 868.88 794.74 334.10 874.93 883.94 356.69 291.82 875.30 838.25 889.35 881.98 116.50 829.53 68.23 809.38 863.44 832.97 780.27 335.07 324.61 329.38 336.14 333.22 325.37 325.97 294.84 201.04 35.37 405.54 867.29 692.31 864.20 848.66 774.81 711.29 263.19 601.79 833.50 814.24 790.97 876.63 669.40 817.09 680.74 321.41 301.65 580.77
-9999.00 -9999.00 -9999.00 -9999.00 -9999.00 -9999.00 -9999.00 -9999.00 -9999.00 720.94 313.22 315.32 804.32 251.02 307.14 331.03 321.46 883.38 854.74 714.56 772.94 649.12 880.61 331.43 281.42 832.60 893.20 752.82 69.13 310.39 867.68 846.05 782.48 667.82 334.25 317.28 324.86 318.14 306.00 322.16 324.95 291.20 867.22 248.95 33.95 380.56 629.24 885.30 680.13 860.68 852.35 362.55 302.45 668.99 759.09 798.44 882.79 643.51 773.72 872.43 781.49 811.53 862.06
-9999.00 -9999.00 -9999.00 -9999.00 -9999.00 -9999.00 -9999.00 -9999.00 -9999.00 724.32 385.46 813.63 371.16 397.69 822.68 286.75 838.59 281.98 352.79 723.89 778.93 896.55 899.76 832.06 333.05 248.59 861.93 92.34 813.10 837.94 555.72 349.65 800.81 759.02 726.59 791.04 743.55 283.25 645.33 350.65 346.34 326.92 315.46 330.51 278.04 33.04 383.96 379.36 762.03 859.76 833.26 863.39 670.49 877.19 765.51 793.45 902.19 842.23 263.63 891.24 774.86 853.05 859.14
-9999.00 -9999.00 -9999.00 -9999.00 -9999.00 -9999.00 -9999.00 -9999.00 -9999.00 -9999.00 -9999.00 394.70 845.30 -9999.00 -9999.00 636.32 830.95 377.89 825.48 765.69 346.43 344.59 341.41 317.66 851.16 248.86 146.49 146.49 910.37 794.22 816.32 858.25 757.53 796.20 780.68 850.95 855.77 791.04 657.60 803.58 392.65 348.94 334.90 324.53 322.32 286.76 31.90 363.16 386.64 778.67 860.33 756.63 892.64 495.23 481.16 674.31 780.83 843.60 832.42 521.96 782.63 852.07 845.13
-9999.00 -9999.00 -9999.00 -9999.00 -9999.00 -9999.00 -9999.00 -9999.00 -9999.00 -9999.00 -9999.00 -9999.00 -9999.00 -9999.00 -9999.00 842.40 846.12 779.26 873.11 869.46 737.00 378.98 367.61 309.14 222.46 185.05 296.12 273.85 118.02 298.42 794.39 856.58 873.07 894.82 792.40 902.25 854.04 845.07 672.80 899.06 325.50 336.36 330.80 324.41 304.20 297.97 273.45 30.96 339.98 318.92 823.55 329.08 339.95 253.77 812.19 284.93 551.26 857.43 844.53 812.51 269.25 852.79 737.37
-9999.00 -9999.00 -9999.00 -9999.00 -9999.00 -9999.00 -9999.00 -9999.00 -9999.00 -9999.00 -9999.00 -9999.00 -9999.00 -9999.00 -9999.00 -9999.00 748.85 305.21 850.90 803.61 847.55 873.65 332.12 177.93 906.03 884.70 346.59 260.61 838.37 124.29 276.98 261.04 843.66 829.17 818.26 860.35 870.53 848.22 307.32 560.06 606.00 321.71 318.00 274.94 279.52 278.19 277.40 272.93 30.39 789.47 793.25 902.04 529.92 885.03 873.00 814.52 818.55 719.64 791.60 877.44 264.49 850.58 449.76
-9999.00 -9999.00 -9999.00 -9999.00 -9999.00 -9999.00 -9999.00 -9999.00 -9999.00 -9999.00 -9999.00 -9999.00 -9999.00 -9999.00 -9999.00 823.65 377.00 317.80 268.76 276.62 291.00 294.05 207.42 265.68 708.25 915.57 790.73 289.64 209.89 172.71 854.17 919.06 233.90 833.41 873.48 717.93 832.46 591.01 821.65 810.58 588.69 729.16 251.81 730.97 748.52 696.42 746.38 743.56 318.80 83.18 102.83 59.45 812.84 123.98 78.87 44.99 834.34 348.97 677.47 253.72 871.04 277.65 702.15
-9999.00 -9999.00 -9999.00 -9999.00 -9999.00 -9999.00 -9999.00 -9999.00 -9999.00 -9999.00 -9999.00 -9999.00 -9999.00 -9999.00 -9999.00 -9999.00 809.73 869.04 614.07 748.08 314.82 245.08 363.47 329.55 257.87 382.37 732.10 908.59 240.40 214.78 178.12 844.71 686.28 246.07 771.86 549.07 841.70 773.20 809.94 840.48 585.78 736.67 585.10 792.76 720.35 648.83 919.54 890.40 406.34 355.46 150.24 128.42 91.86 40.35 856.02 112.42 58.57 24.81 799.01 112.09 76.07 270.15 851.54
-9999.00 -9999.00 -9999.00 -9999.00 -9999.00 -9999.00 -9999.00 -9999.00 -9999.00 -9999.00 -9999.00 -9999.00 -9999.00 -9999.00 -9999.00 -9999.00 735.50 625.00 878.02 774.74 896.68 826.56 835.65 657.50 341.22 345.81 372.96 291.36 238.15 221.53 240.75 872.46 858.74 817.65 263.48 769.07 836.62 413.14 827.60 614.95 853.41 837.26 721.06 893.05 856.96 777.67 840.24 664.30 382.15 368.66 351.49 194.63 101.32 275.50 816.37 895.06 606.60 760.61 59.08 850.30 131.62 41.87 655.76
-9999.00 -9999.00 -9999.00 -9999.00 -9999.00 -9999.00 -9999.00 -9999.00 -9999.00 -9999.00 -9999.00 -9999.00 -9999.00 -9999.00 -9999.00 -9999.00 510.52 895.49 805.22 890.16 796.51 773.31 255.68 895.41 859.17 867.68 886.16 825.77 353.68 188.99 731.44 902.44 860.49 877.50 859.09 800.30 888.90 857.00 794.69 777.43 845.91 615.86 799.78 855.04 895.66 857.16 757.78 705.28 357.67 344.56 240.20 201.10 765.77 826.64 247.84 901.19 836.45 906.12 364.08 111.87 131.51 111.22 56.55
-9999.00 -9999.00 -9999.00 -9999.00 -9999.00 -9999.00 -9999.00 -9999.00 -9999.00 -9999.00 -9999.00 -9999.00 -9999.00 -9999.00 -9999.00 -9999.00 745.06 590.53 860.81 868.73 660.40 857.53 879.55 548.35 872.77 855.67 685.99 873.39 752.80 349.46 122.95 249.37 778.05 883.63 827.68 893.81 779.24 316.31 875.13 813.91 892.27 731.37 898.90 840.24 764.72 745.90 799.91 752.37 537.46 193.28 819.82 850.10 885.51 853.75 577.01 722.75 839.62 894.89 826.56 877.06 902.93 807.32 726.80
-9999.00 -9999.00 -9999.00 -9999.00 -9999.00 -9999.00 -9999.00 -9999.00 -9999.00 -9999.00 -9999.00 -9999.00 -9999.00 -9999.00 -9999.00 -9999.00 -9999.00 -9999.00 755.92 -9999.00 -9999.00 849.76 720.57 721.28 798.94 368.44 340.81 288.49 833.38 843.65 883.43 131.50 219.54 231.62 305.75 345.10 344.53 899.98 904.79 686.61 612.98 851.42 856.37 831.71 867.10 803.62 782.47 749.74 700.74 270.14 231.45 732.46 820.23 799.10 910.52 554.58 561.57 812.32 863.66 900.09 907.80 872.65 862.90
-9999.00 -9999.00 -9999.00 -9999.00 -9999.00 -9999.00 -9999.00 -9999.00 -9999.00 -9999.00 -9999.00 -9999.00 -9999.00 -9999.00 -9999.00 -9999.00 -9999.00 -9999.00 -9999.00 -9999.00 -9999.00 -9999.00 -9999.00 765.39 830.39 868.44 -9999.00 886.27 890.41 848.98 893.91 290.63 157.41 204.56 187.49 280.79 779.01 827.69 806.52 265.28 919.18 293.95 930.45 285.89 707.39 832.45 887.33 871.54 786.79 309.16 288.45 643.01 658.38 837.45 725.70 841.42 887.35 780.37 632.19 301.87 583.86 854.93 614.72
-9999.00 -9999.00 -9999.00 -9999.00 -9999.00 -9999.00 -9999.00 -9999.00 -9999.00 -9999.00 -9999.00 -9999.00 -9999.00 -9999.00 -9999.00 -9999.00 -9999.00 -9999.00 -9999.00 -9999.00 -9999.00 -9999.00 -9999.00 -9999.00 -9999.00 -9999.00 -9999.00 765.10 352.00 327.39 650.50 864.02 858.93 880.14 843.18 140.65 234.45 254.79 259.56 286.46 301.70 336.76 680.41 882.33 892.49 880.85 781.51 719.34 780.82 347.36 300.90 619.26 836.55 757.96 864.89 855.97 802.52 751.44 718.21 845.70 888.09 657.20 532.26
-9999.00 -9999.00 -9999.00 -9999.00 -9999.00 -9999.00 -9999.00 -9999.00 -9999.00 -9999.00 -9999.00 -9999.00 -9999.00 -9999.00 -9999.00 -9999.00 -9999.00 -9999.00 -9999.00 -9999.00 -9999.00 -9999.00 -9999.00 -9999.00 -9999.00 -9999.00 -9999.00 -9999.00 836.61 777.22 362.60 809.85 333.25 312.83 262.05 340.18 166.35 210.77 252.55 268.68 271.55 277.84 321.41 898.92 837.74 700.53 881.33 798.90 824.94 802.16 767.87 661.91 835.17 857.31 859.51 713.72 777.59 868.37 858.28 866.00 815.66 569.26 844.97
-9999.00 -9999.00 -9999.00 -9999.00 -9999.00 -9999.00 -9999.00 -9999.00 -9999.00 -9999.00 -9999.00 -9999.00 -9999.00 -9999.00 -9999.00 -9999.00 -9999.00 -9999.00 -9999.00 -9999.00 -9999.00 -9999.00 -9999.00 -9999.00 -9999.00 -9999.00 -9999.00 -9999.00 -9999.00 790.62 799.10 772.34 782.44 853.41 879.43 355.91 905.69 825.02 184.21 253.48 248.53 240.79 225.72 273.15 816.11 915.56 879.15 846.42 824.21 875.11 900.29 887.97 268.55 825.02 866.92 696.90 626.74 832.49 887.58 830.70 829.06 688.89 806.99
-9999.00 -9999.00 -9999.00 -9999.00 -9999.00 -9999.00 -9999.00 -9999.00 -9999.00 -9999.00 -9999.00 -9999.00 -9999.00 -9999.00 -9999.00 -9999.00 -9999.00 -9999.00 -9999.00 -9999.00 -9999.00 -9999.00 -9999.00 -9999.00 -9999.00 -9999.00 -9999.00 -9999.00 -9999.00 -9999.00 -9999.00 839.81 763.37 754.08 685.86 868.21 692.17 832.09 275.30 912.10 868.71 779.38 862.82 188.17 225.41 304.50 343.23 860.11 881.55 819.34 735.11 843.13 908.25 287.10 839.53 769.65 888.62 715.29 655.43 875.77 675.43 863.07 811.93
-9999.00 -9999.00 -9999.00 -9999.00 -9999.00 -9999.00 -9999.00 -9999.00 -9999.00 -9999.00 -9999.00 -9999.00 -9999.00 -9999.00 -9999.00 -9999.00 -9999.00 -9999.00 -9999.00 -9999.00 -9999.00 -9999.00 -9999.00 -9999.00 -9999.00 -9999.00 -9999.00 -9999.00 -9999.00 -9999.00 -9999.00 -9999.00 -9999.00 -9999.00 -9999.00 -9999.00 -9999.00 851.33 874.72 249.25 905.34 323.83 890.85 772.51 884.00 181.86 325.80 314.16 331.47 671.18 766.67 552.50 644.20 892.78 881.81 664.14 892.69 887.30 305.80 680.90 204.19 852.91 290.09
-9999.00 -9999.00 -9999.00 -9999.00 -9999.00 -9999.00 -9999.00 -9999.00 -9999.00 -9999.00 -9999.00 -9999.00 -9999.00 -9999.00 -9999.00 -9999.00 -9999.00 -9999.00 -9999.00 -9999.00 -9999.00 -9999.00 -9999.00 -9999.00 -9999.00 -9999.00 -9999.00 -9999.00 -9999.00 -9999.00 -9999.00 -9999.00 -9999.00 -9999.00 -9999.00 -9999.00 -9999.00 776.09 721.91 892.97 268.12 862.65 917.65 885.34 889.65 880.70 190.43 911.38 276.99 790.94 807.55 697.91 802.93 660.95 297.76 300.93 255.11 901.83 881.39 832.12 548.56 135.71 92.62
-9999.00 -9999.00 -9999.00 -9999.00 -9999.00 -9999.00 -9999.00 -9999.00 -9999.00 -9999.00 -9999.00 -9999.00 -9999.00 -9999.00 -9999.00 -9999.00 -9999.00 -9999.00 -9999.00 -9999.00 -9999.00 -9999.00 -9999.00 -9999.00 -9999.00 -9999.00 -9999.00 -9999.00 -9999.00 -9999.00 -9999.00 -9999.00 -9999.00 -9999.00 -9999.00 -9999.00 -9999.00 -9999.00 -9999.00 859.03 693.82 890.17 893.67 902.27 345.93 256.48 246.72 910.68 895.68 306.00 792.81 879.42 846.01 854.42 784.74 897.93 309.58 225.04 898.15 527.99 909.55 864.00 188.20
-9999.00 -9999.00 -9999.00 -9999.00 -9999.00 -9999.00 -9999.00 -9999.00 -9999.00 -9999.00 -9999.00 -9999.00 -9999.00 -9999.00 -9999.00 -9999.00 -9999.00 -9999.00 -9999.00 -9999.00 -9999.00 -9999.00 -9999.00 -9999.00 -9999.00 -9999.00 -9999.00 -9999.00 -9999.00 -9999.00 -9999.00 -9999.00 -9999.00 -9999.00 -9999.00 -9999.00 -9999.00 -9999.00 -9999.00 -9999.00 739.25 876.21 871.68 579.97 287.46 878.26 882.86 215.94 845.08 851.70 838.70 731.13 -9999.00 822.69 828.86 807.68 804.80 877.15 540.20 916.68 859.98 833.55 882.21
-9999.00 -9999.00 -9999.00 -9999.00 -9999.00 -9999.00 -9999.00 -9999.00 -9999.00 -9999.00 -9999.00 -9999.00 -9999.00 -9999.00 -9999.00 -9999.00 -9999.00 -9999.00 -9999.00 -9999.00 -9999.00 -9999.00 -9999.00 -9999.00 -9999.00 -9999.00 -9999.00 -9999.00 -9999.00 -9999.00 -9999.00 -9999.00 -9999.00 -9999.00 -9999.00 -9999.00 -9999.00 -9999.00 -9999.00 -9999.00 -9999.00 -9999.00 732.94 899.51 825.89 834.60 910.33 319.84 234.91 913.60 750.81 854.76 -9999.00 -9999.00 -9999.00 -9999.00 848.63 800.45 311.57 631.11 906.25 766.29 697.97
-9999.00 -9999.00 -9999.00 -9999.00 -9999.00 -9999.00 -9999.00 -9999.00 -9999.00 -9999.00 -9999.00 -9999.00 -9999.00 -9999.00 -9999.00 -9999.00 -9999.00 -9999.00 -9999.00 -9999.00 -9999.00 -9999.00 -9999.00 -9999.00 -9999.00 -9999.00 -9999.00 -9999.00 -9999.00 -9999.00 -9999.00 -9999.00 -9999.00 -9999.00 -9999.00 -9999.00 -9999.00 -9999.00 -9999.00 -9999.00 -9999.00 -9999.00 -9999.00 -9999.00 -9999.00 868.76 786.44 357.58 373.95 251.78 753.78 818.14 -9999.00 -9999.00 -9999.00 -9999.00 -9999.00 859.31 884.90 836.17 705.96 794.68 864.25
-9999.00 -9999.00 -9999.00 -9999.00 -9999.00 -9999.00 -9999.00 -9999.00 -9999.00 -9999.00 -9999.00 -9999.00 -9999.00 -9999.00 -9999.00 -9999.00 -9999.00 -9999.00 -9999.00 -9999.00 -9999.00 -9999.00 -9999.00 -9999.00 -9999.00 -9999.00 -9999.00 -9999.00 -9999.00 -9999.00 -9999.00 -9999.00 -9999.00 -9999.00 -9999.00 -9999.00 -9999.00 -9999.00 -9999.00 -9999.00 -9999.00 -9999.00 -9999.00 -9999.00 -9999.00 -9999.00 819.27 879.22 859.49 362.75 287.02 868.79 837.14 -9999.00 -9999.00 -9999.00 -9999.00 -9999.00 905.53 914.51 845.09 882.91 737.74
-9999.00 -9999.00 -9999.00 -9999.00 -9999.00 -9999.00 -9999.00 -9999.00 -9999.00 -9999.00 -9999.00 -9999.00 -9999.00 -9999.00 -9999.00 -9999.00 -9999.00 -9999.00 -9999.00 -9999.00 -9999.00 -9999.00 -9999.00 -9999.00 -9999.00 -9999.00 -9999.00 -9999.00 -9999.00 -9999.00 -9999.00 -9999.00 -9999.00 -9999.00 -9999.00 -9999.00 -9999.00 -9999.00 -9999.00 -9999.00 -9999.00 -9999.00 -9999.00 -9999.00 -9999.00 -9999.00 857.78 774.95 887.43 814.30 374.28 760.44 874.14 -9999.00 -9999.00 -9999.00 -9999.00 -9999.00 746.87 844.82 872.30 826.38 819.21
